'sample #','ECG '
0,2
1,2
2,2
3,1
4,1
5,1
6,1
7,1
8,0
9,0
10,-1
11,-3
12,-5
13,-6
14,-8
15,-9
16,-11
17,-12
18,-13
19,-15
20,-16
21,-17
22,-17
23,-18
24,-18
25,-18
26,-19
27,-20
28,-20
29,-21
30,-21
31,-21
32,-21
33,-21
34,-22
35,-22
36,-21
37,-20
38,-19
39,-18
40,-17
41,-17
42,-17
43,-17
44,-18
45,-18
46,-18
47,-17
48,-16
49,-16
50,-15
51,-14
52,-13
53,-11
54,-9
55,-7
56,-6
57,-5
58,-5
59,-4
60,-2
61,-1
62,1
63,4
64,7
65,10
66,13
67,17
68,20
69,24
70,27
71,30
72,31
73,32
74,33
75,33
76,35
77,36
78,39
79,43
80,45
81,45
82,41
83,32
84,22
85,10
86,-4
87,-12
88,-16
89,-18
90,-20
91,-21
92,-21
93,-21
94,-21
95,-21
96,-22
97,-22
98,-22
99,-22
100,-21
101,-20
102,-20
103,-20
104,-19
105,-19
106,-18
107,-17
108,-16
109,-15
110,-13
111,-11
112,-9
113,-6
114,-4
115,14
116,57
117,109
118,167
119,225
120,279
121,299
122,311
123,319
124,301
125,246
126,185
127,116
128,47
129,-11
130,-36
131,-46
132,-53
133,-58
134,-58
135,-50
136,-41
137,-38
138,-36
139,-34
140,-34
141,-33
142,-32
143,-31
144,-30
145,-30
146,-30
147,-30
148,-30
149,-29
150,-29
151,-29
152,-28
153,-27
154,-27
155,-26
156,-26
157,-26
158,-25
159,-24
160,-22
161,-20
162,-18
163,-16
164,-13
165,-11
166,-8
167,-6
168,-3
169,-1
170,1
171,4
172,7
173,11
174,14
175,17
176,21
177,24
178,27
179,29
180,33
181,38
182,44
183,56
184,69
185,83
186,95
187,106
188,113
189,117
190,119
191,120
192,122
193,123
194,124
195,125
196,125
197,126
198,126
199,124
200,121
201,117
202,111
203,105
204,98
205,88
206,78
207,70
208,61
209,49
210,33
211,14
212,-1
213,-15
214,-27
215,-38
216,-48
217,-58
218,-65
219,-70
220,-73
221,-74
222,-75
223,-76
224,-77
225,-78
226,-80
227,-80
228,-81
229,-81
230,-81
231,-81
232,-81
233,-81
234,-81
235,-81
236,-80
237,-80
238,-79
239,-77
240,-76
241,-74
242,-71
243,-68
244,-65
245,-62
246,-60
247,-57
248,-55
249,-53
250,-51
251,-50
252,-48
253,-47
254,-45
255,-42
256,-39
257,-37
258,-35
259,-34
260,-32
261,-31
262,-29
263,-28
264,-27
265,-27
266,-27
267,-27
268,-26
269,-24
270,-23
271,-22
272,-21
273,-19
274,-18
275,-17
276,-16
277,-15
278,-15
279,-14
280,-14
281,-13
282,-12
283,-11
284,-11
285,-11
286,-10
287,-9
288,-8
289,-9
290,-10
291,-13
292,-17
293,-20
294,-23
295,-26
296,-29
297,-32
298,-35
299,-38
300,-40
301,-41
302,-43
303,-45
304,-48
305,-51
306,-54
307,-56
308,-59
309,-61
310,-63
311,-64
312,-65
313,-65
314,-65
315,-64
316,-64
317,-65
318,-65
319,-64
320,-62
321,-61
322,-61
323,-60
324,-59
325,-58
326,-56
327,-54
328,-52
329,-50
330,-48
331,-48
332,-47
333,-46
334,-45
335,-45
336,-45
337,-45
338,-44
339,-42
340,-41
341,-39
342,-37
343,-34
344,-32
345,-29
346,-26
347,-24
348,-22
349,-20
350,-17
351,-15
352,-13
353,-10
354,-8
355,-6
356,-3
357,-1
358,1
359,3
360,4
361,5
362,5
363,4
364,1
365,-1
366,-5
367,-9
368,-14
369,-18
370,-22
371,-25
372,-28
373,-31
374,-33
375,-35
376,-37
377,-40
378,-41
379,-43
380,-44
381,-46
382,-47
383,-48
384,-50
385,-51
386,-51
387,-50
388,-49
389,-48
390,-46
391,-43
392,-40
393,-37
394,-32
395,-28
396,-23
397,6
398,53
399,112
400,176
401,245
402,284
403,298
404,303
405,298
406,282
407,240
408,185
409,118
410,52
411,-5
412,-35
413,-42
414,-48
415,-52
416,-55
417,-55
418,-55
419,-53
420,-50
421,-46
422,-42
423,-38
424,-35
425,-32
426,-29
427,-27
428,-26
429,-25
430,-24
431,-23
432,-23
433,-22
434,-22
435,-21
436,-21
437,-20
438,-19
439,-18
440,-17
441,-15
442,-12
443,-10
444,-8
445,-7
446,-5
447,-4
448,-2
449,0
450,2
451,5
452,8
453,12
454,17
455,23
456,28
457,33
458,36
459,40
460,43
461,45
462,48
463,52
464,56
465,61
466,67
467,74
468,80
469,87
470,94
471,102
472,109
473,115
474,121
475,127
476,132
477,136
478,138
479,138
480,137
481,135
482,131
483,127
484,121
485,115
486,105
487,94
488,83
489,70
490,53
491,32
492,11
493,-5
494,-18
495,-26
496,-32
497,-37
498,-39
499,-40
500,-41
501,-42
502,-44
503,-45
504,-47
505,-48
506,-49
507,-50
508,-50
509,-49
510,-49
511,-49
512,-49
513,-50
514,-50
515,-51
516,-51
517,-51
518,-51
519,-51
520,-50
521,-50
522,-49
523,-48
524,-46
525,-46
526,-45
527,-44
528,-44
529,-43
530,-43
531,-43
532,-42
533,-40
534,-38
535,-37
536,-36
537,-35
538,-35
539,-35
540,-34
541,-34
542,-34
543,-35
544,-36
545,-36
546,-36
547,-35
548,-35
549,-35
550,-37
551,-38
552,-40
553,-42
554,-44
555,-45
556,-46
557,-46
558,-46
559,-45
560,-45
561,-45
562,-45
563,-45
564,-46
565,-47
566,-47
567,-48
568,-48
569,-48
570,-48
571,-48
572,-49
573,-49
574,-49
575,-50
576,-51
577,-53
578,-54
579,-56
580,-58
581,-60
582,-60
583,-60
584,-60
585,-58
586,-57
587,-54
588,-52
589,-49
590,-47
591,-45
592,-44
593,-42
594,-41
595,-39
596,-38
597,-36
598,-35
599,-34
600,-32
601,-31
602,-30
603,-29
604,-29
605,-29
606,-28
607,-27
608,-26
609,-25
610,-25
611,-25
612,-25
613,-24
614,-24
615,-24
616,-24
617,-24
618,-23
619,-22
620,-21
621,-19
622,-17
623,-16
624,-13
625,-11
626,-9
627,-7
628,-5
629,-2
630,0
631,4
632,8
633,12
634,17
635,21
636,24
637,26
638,26
639,25
640,23
641,21
642,17
643,12
644,7
645,2
646,-2
647,-6
648,-9
649,-12
650,-15
651,-17
652,-21
653,-24
654,-27
655,-30
656,-33
657,-35
658,-36
659,-37
660,-38
661,-38
662,-37
663,-36
664,-35
665,-34
666,-32
667,-30
668,-29
669,-27
670,-26
671,-24
672,-21
673,-17
674,-14
675,-11
676,7
677,54
678,123
679,214
680,319
681,419
682,463
683,461
684,402
685,269
686,117
687,-14
688,-61
689,-76
690,-57
691,-44
692,-37
693,-32
694,-29
695,-27
696,-26
697,-27
698,-28
699,-29
700,-30
701,-31
702,-34
703,-37
704,-39
705,-41
706,-42
707,-42
708,-42
709,-42
710,-43
711,-44
712,-44
713,-44
714,-43
715,-43
716,-42
717,-41
718,-40
719,-40
720,-39
721,-39
722,-39
723,-38
724,-37
725,-36
726,-35
727,-34
728,-33
729,-32
730,-31
731,-30
732,-29
733,-27
734,-26
735,-23
736,-20
737,-14
738,-6
739,1
740,9
741,19
742,32
743,49
744,66
745,73
746,77
747,80
748,84
749,87
750,89
751,91
752,92
753,93
754,93
755,93
756,92
757,91
758,90
759,88
760,86
761,83
762,80
763,76
764,71
765,66
766,60
767,47
768,33
769,19
770,3
771,-14
772,-37
773,-45
774,-49
775,-52
776,-56
777,-59
778,-62
779,-65
780,-68
781,-70
782,-72
783,-73
784,-74
785,-74
786,-73
787,-73
788,-73
789,-72
790,-72
791,-73
792,-73
793,-73
794,-73
795,-72
796,-71
797,-69
798,-68
799,-66
800,-65
801,-64
802,-62
803,-61
804,-60
805,-59
806,-59
807,-58
808,-56
809,-54
810,-53
811,-52
812,-51
813,-49
814,-47
815,-46
816,-44
817,-43
818,-42
819,-41
820,-40
821,-38
822,-36
823,-34
824,-33
825,-31
826,-30
827,-28
828,-26
829,-25
830,-24
831,-23
832,-22
833,-22
834,-20
835,-19
836,-18
837,-17
838,-17
839,-16
840,-16
841,-15
842,-14
843,-12
844,-11
845,-9
846,-8
847,-6
848,-4
849,-3
850,-1
851,0
852,0
853,1
854,2
855,3
856,4
857,6
858,7
859,8
860,9
861,10
862,12
863,13
864,15
865,15
866,16
867,16
868,16
869,16
870,16
871,17
872,16
873,16
874,15
875,16
876,17
877,18
878,18
879,18
880,18
881,17
882,18
883,18
884,18
885,18
886,18
887,17
888,17
889,17
890,18
891,19
892,19
893,20
894,20
895,21
896,22
897,23
898,24
899,24
900,25
901,26
902,28
903,30
904,32
905,33
906,35
907,36
908,37
909,38
910,38
911,38
912,36
913,34
914,32
915,30
916,27
917,24
918,21
919,17
920,13
921,9
922,5
923,0
924,-7
925,-15
926,-20
927,-25
928,-28
929,-30
930,-31
931,-33
932,-35
933,-36
934,-38
935,-39
936,-40
937,-41
938,-43
939,-45
940,-45
941,-45
942,-45
943,-44
944,-44
945,-44
946,-45
947,-45
948,-44
949,-45
950,-48
951,-32
952,17
953,75
954,147
955,237
956,333
957,431
958,465
959,457
960,382
961,255
962,97
963,-31
964,-101
965,-126
966,-127
967,-111
968,-97
969,-85
970,-77
971,-73
972,-70
973,-65
974,-60
975,-60
976,-68
977,-73
978,-78
979,-81
980,-84
981,-85
982,-84
983,-83
984,-81
985,-81
986,-80
987,-80
988,-79
989,-78
990,-76
991,-75
992,-73
993,-72
994,-71
995,-70
996,-69
997,-68
998,-67
999,-66
1000,-65
1001,-63
1002,-60
1003,-58
1004,-55
1005,-52
1006,-48
1007,-44
1008,-40
1009,-35
1010,-31
1011,-28
1012,-24
1013,-20
1014,-15
1015,-11
1016,-6
1017,-1
1018,3
1019,9
1020,16
1021,23
1022,29
1023,35
1024,41
1025,48
1026,57
1027,66
1028,71
1029,75
1030,78
1031,82
1032,85
1033,89
1034,92
1035,93
1036,91
1037,85
1038,78
1039,69
1040,59
1041,44
1042,32
1043,21
1044,9
1045,-1
1046,-9
1047,-15
1048,-19
1049,-23
1050,-27
1051,-29
1052,-28
1053,-25
1054,-20
1055,-15
1056,-13
1057,-11
1058,-8
1059,-6
1060,-3
1061,-1
1062,0
1063,3
1064,6
1065,10
1066,13
1067,16
1068,19
1069,22
1070,25
1071,30
1072,35
1073,40
1074,45
1075,49
1076,53
1077,57
1078,61
1079,64
1080,67
1081,69
1082,71
1083,73
1084,75
1085,78
1086,80
1087,81
1088,83
1089,84
1090,84
1091,83
1092,83
1093,82
1094,80
1095,78
1096,76
1097,73
1098,71
1099,68
1100,66
1101,65
1102,63
1103,62
1104,60
1105,59
1106,57
1107,55
1108,54
1109,52
1110,50
1111,48
1112,47
1113,46
1114,45
1115,44
1116,43
1117,42
1118,42
1119,41
1120,41
1121,40
1122,39
1123,38
1124,36
1125,34
1126,32
1127,31
1128,30
1129,28
1130,27
1131,25
1132,24
1133,23
1134,23
1135,22
1136,22
1137,21
1138,19
1139,18
1140,17
1141,16
1142,15
1143,14
1144,14
1145,13
1146,12
1147,12
1148,12
1149,12
1150,12
1151,12
1152,12
1153,13
1154,14
1155,15
1156,15
1157,16
1158,16
1159,16
1160,17
1161,17
1162,17
1163,18
1164,18
1165,18
1166,19
1167,20
1168,21
1169,22
1170,23
1171,24
1172,25
1173,25
1174,26
1175,26
1176,27
1177,28
1178,30
1179,32
1180,34
1181,33
1182,30
1183,24
1184,17
1185,11
1186,3
1187,-4
1188,-11
1189,-17
1190,-20
1191,-22
1192,-24
1193,-26
1194,-27
1195,-28
1196,-30
1197,-31
1198,-33
1199,-34
1200,-35
1201,-36
1202,-37
1203,-38
1204,-38
1205,-38
1206,-37
1207,-36
1208,-35
1209,-34
1210,-33
1211,-32
1212,-30
1213,-28
1214,-26
1215,-23
1216,-6
1217,35
1218,95
1219,171
1220,258
1221,339
1222,389
1223,392
1224,351
1225,250
1226,123
1227,12
1228,-63
1229,-83
1230,-89
1231,-78
1232,-67
1233,-58
1234,-55
1235,-57
1236,-60
1237,-62
1238,-66
1239,-64
1240,-55
1241,-50
1242,-47
1243,-45
1244,-44
1245,-44
1246,-43
1247,-42
1248,-40
1249,-37
1250,-35
1251,-34
1252,-32
1253,-31
1254,-31
1255,-30
1256,-28
1257,-27
1258,-26
1259,-24
1260,-23
1261,-21
1262,-19
1263,-16
1264,-14
1265,-12
1266,-11
1267,-9
1268,-7
1269,-5
1270,-2
1271,0
1272,2
1273,4
1274,7
1275,11
1276,15
1277,20
1278,24
1279,27
1280,31
1281,35
1282,42
1283,51
1284,63
1285,75
1286,83
1287,90
1288,95
1289,100
1290,104
1291,108
1292,110
1293,111
1294,113
1295,115
1296,118
1297,120
1298,122
1299,123
1300,121
1301,117
1302,112
1303,105
1304,95
1305,80
1306,68
1307,58
1308,49
1309,41
1310,35
1311,28
1312,19
1313,7
1314,0
1315,-2
1316,-5
1317,-7
1318,-10
1319,-12
1320,-14
1321,-16
1322,-19
1323,-21
1324,-24
1325,-27
1326,-28
1327,-30
1328,-31
1329,-33
1330,-34
1331,-36
1332,-38
1333,-39
1334,-40
1335,-42
1336,-43
1337,-44
1338,-46
1339,-46
1340,-45
1341,-44
1342,-43
1343,-43
1344,-42
1345,-41
1346,-40
1347,-38
1348,-36
1349,-34
1350,-32
1351,-31
1352,-29
1353,-28
1354,-26
1355,-23
1356,-20
1357,-18
1358,-17
1359,-17
1360,-17
1361,-16
1362,-16
1363,-16
1364,-16
1365,-17
1366,-18
1367,-18
1368,-19
1369,-20
1370,-21
1371,-22
1372,-23
1373,-25
1374,-27
1375,-28
1376,-29
1377,-29
1378,-29
1379,-30
1380,-30
1381,-30
1382,-30
1383,-30
1384,-31
1385,-32
1386,-32
1387,-33
1388,-33
1389,-33
1390,-32
1391,-32
1392,-31
1393,-31
1394,-31
1395,-30
1396,-30
1397,-30
1398,-30
1399,-31
1400,-31
1401,-32
1402,-32
1403,-33
1404,-34
1405,-34
1406,-35
1407,-35
1408,-35
1409,-35
1410,-35
1411,-36
1412,-36
1413,-37
1414,-38
1415,-39
1416,-40
1417,-41
1418,-42
1419,-43
1420,-44
1421,-44
1422,-45
1423,-45
1424,-46
1425,-46
1426,-47
1427,-47
1428,-49
1429,-50
1430,-52
1431,-55
1432,-57
1433,-58
1434,-59
1435,-59
1436,-58
1437,-57
1438,-55
1439,-53
1440,-50
1441,-47
1442,-43
1443,-40
1444,-35
1445,-25
1446,-21
1447,-19
1448,-17
1449,-16
1450,-15
1451,-14
1452,-13
1453,-13
1454,-14
1455,-18
1456,-22
1457,-26
1458,-32
1459,-40
1460,-46
1461,-51
1462,-54
1463,-55
1464,-57
1465,-58
1466,-58
1467,-58
1468,-59
1469,-59
1470,-60
1471,-60
1472,-60
1473,-61
1474,-61
1475,-61
1476,-61
1477,-61
1478,-61
1479,-60
1480,-59
1481,-59
1482,-58
1483,-57
1484,-56
1485,-55
1486,-54
1487,-53
1488,-51
1489,-50
1490,-45
1491,-29
1492,8
1493,68
1494,149
1495,245
1496,348
1497,423
1498,450
1499,409
1500,309
1501,176
1502,45
1503,-48
1504,-79
1505,-81
1506,-56
1507,-29
1508,-20
1509,-30
1510,-42
1511,-52
1512,-53
1513,-54
1514,-54
1515,-55
1516,-55
1517,-55
1518,-54
1519,-52
1520,-48
1521,-44
1522,-40
1523,-36
1524,-32
1525,-27
1526,-23
1527,-21
1528,-19
1529,-19
1530,-19
1531,-19
1532,-18
1533,-18
1534,-18
1535,-18
1536,-18
1537,-18
1538,-18
1539,-17
1540,-17
1541,-17
1542,-16
1543,-14
1544,-12
1545,-9
1546,-6
1547,-1
1548,8
1549,19
1550,25
1551,29
1552,32
1553,34
1554,36
1555,39
1556,42
1557,44
1558,46
1559,49
1560,52
1561,59
1562,70
1563,78
1564,87
1565,102
1566,115
1567,125
1568,134
1569,140
1570,146
1571,150
1572,152
1573,153
1574,156
1575,159
1576,151
1577,140
1578,131
1579,119
1580,102
1581,81
1582,58
1583,38
1584,26
1585,18
1586,12
1587,8
1588,5
1589,2
1590,0
1591,-1
1592,-3
1593,-7
1594,-10
1595,-13
1596,-15
1597,-16
1598,-18
1599,-19
1600,-20
1601,-21
1602,-22
1603,-22
1604,-23
1605,-23
1606,-23
1607,-22
1608,-22
1609,-20
1610,-19
1611,-16
1612,-14
1613,-11
1614,-4
1615,9
1616,15
1617,18
1618,20
1619,22
1620,23
1621,25
1622,27
1623,28
1624,30
1625,31
1626,33
1627,35
1628,38
1629,41
1630,42
1631,40
1632,35
1633,30
1634,28
1635,26
1636,24
1637,23
1638,23
1639,22
1640,21
1641,20
1642,19
1643,19
1644,19
1645,18
1646,18
1647,18
1648,18
1649,17
1650,17
1651,17
1652,17
1653,17
1654,16
1655,16
1656,16
1657,16
1658,15
1659,14
1660,12
1661,11
1662,9
1663,7
1664,4
1665,0
1666,-4
1667,-8
1668,-11
1669,-13
1670,-14
1671,-15
1672,-16
1673,-16
1674,-17
1675,-18
1676,-18
1677,-19
1678,-20
1679,-21
1680,-21
1681,-22
1682,-23
1683,-23
1684,-23
1685,-23
1686,-23
1687,-23
1688,-23
1689,-24
1690,-25
1691,-26
1692,-27
1693,-27
1694,-28
1695,-29
1696,-29
1697,-30
1698,-31
1699,-31
1700,-31
1701,-31
1702,-32
1703,-32
1704,-33
1705,-33
1706,-33
1707,-33
1708,-33
1709,-33
1710,-34
1711,-34
1712,-33
1713,-32
1714,-31
1715,-30
1716,-29
1717,-29
1718,-28
1719,-27
1720,-25
1721,-23
1722,-22
1723,-20
1724,-18
1725,-14
1726,-9
1727,-5
1728,-2
1729,0
1730,1
1731,4
1732,8
1733,10
1734,6
1735,0
1736,-6
1737,-13
1738,-18
1739,-21
1740,-25
1741,-32
1742,-41
1743,-44
1744,-45
1745,-46
1746,-48
1747,-48
1748,-49
1749,-49
1750,-49
1751,-49
1752,-49
1753,-49
1754,-49
1755,-49
1756,-49
1757,-50
1758,-51
1759,-52
1760,-51
1761,-49
1762,-47
1763,-45
1764,-44
1765,-42
1766,-40
1767,-39
1768,-36
1769,-32
1770,-19
1771,18
1772,73
1773,145
1774,235
1775,324
1776,405
1777,433
1778,428
1779,373
1780,266
1781,138
1782,25
1783,-71
1784,-103
1785,-106
1786,-85
1787,-59
1788,-47
1789,-44
1790,-42
1791,-41
1792,-40
1793,-40
1794,-41
1795,-43
1796,-45
1797,-46
1798,-48
1799,-49
1800,-51
1801,-53
1802,-55
1803,-55
1804,-54
1805,-51
1806,-49
1807,-46
1808,-43
1809,-42
1810,-40
1811,-39
1812,-38
1813,-37
1814,-36
1815,-35
1816,-34
1817,-33
1818,-32
1819,-31
1820,-30
1821,-29
1822,-28
1823,-27
1824,-26
1825,-25
1826,-23
1827,-22
1828,-19
1829,-13
1830,-7
1831,-1
1832,2
1833,4
1834,7
1835,9
1836,12
1837,14
1838,16
1839,19
1840,22
1841,29
1842,42
1843,53
1844,62
1845,69
1846,75
1847,79
1848,83
1849,85
1850,88
1851,91
1852,95
1853,86
1854,76
1855,69
1856,63
1857,59
1858,54
1859,47
1860,38
1861,28
1862,18
1863,11
1864,4
1865,-2
1866,-10
1867,-17
1868,-25
1869,-34
1870,-40
1871,-43
1872,-46
1873,-50
1874,-54
1875,-58
1876,-63
1877,-71
1878,-81
1879,-85
1880,-87
1881,-89
1882,-91
1883,-91
1884,-88
1885,-82
1886,-77
1887,-74
1888,-72
1889,-69
1890,-66
1891,-64
1892,-62
1893,-61
1894,-61
1895,-62
1896,-63
1897,-64
1898,-66
1899,-69
1900,-72
1901,-76
1902,-78
1903,-81
1904,-84
1905,-87
1906,-90
1907,-92
1908,-94
1909,-95
1910,-95
1911,-95
1912,-95
1913,-95
1914,-95
1915,-95
1916,-95
1917,-96
1918,-97
1919,-88
1920,-81
1921,-76
1922,-73
1923,-70
1924,-69
1925,-70
1926,-74
1927,-78
1928,-83
1929,-86
1930,-91
1931,-95
1932,-99
1933,-101
1934,-100
1935,-98
1936,-96
1937,-92
1938,-86
1939,-72
1940,-60
1941,-52
1942,-47
1943,-44
1944,-41
1945,-38
1946,-36
1947,-40
1948,-47
1949,-53
1950,-59
1951,-64
1952,-68
1953,-70
1954,-72
1955,-74
1956,-76
1957,-79
1958,-82
1959,-85
1960,-89
1961,-94
1962,-101
1963,-100
1964,-90
1965,-78
1966,-65
1967,-56
1968,-51
1969,-48
1970,-46
1971,-45
1972,-44
1973,-43
1974,-43
1975,-44
1976,-46
1977,-49
1978,-51
1979,-53
1980,-55
1981,-58
1982,-61
1983,-64
1984,-65
1985,-64
1986,-61
1987,-56
1988,-50
1989,-39
1990,-20
1991,-12
1992,-8
1993,-6
1994,-4
1995,-3
1996,-1
1997,1
1998,3
1999,5
2000,7
2001,10
2002,14
2003,22
2004,36
2005,48
2006,61
2007,75
2008,88
2009,102
2010,113
2011,118
2012,120
2013,121
2014,122
2015,123
2016,123
2017,123
2018,123
2019,123
2020,124
2021,125
2022,125
2023,125
2024,125
2025,125
2026,125
2027,126
2028,127
2029,128
2030,128
2031,130
2032,131
2033,135
2034,147
2035,161
2036,173
2037,179
2038,182
2039,185
2040,188
2041,190
2042,193
2043,195
2044,199
2045,203
2046,209
2047,218
2048,231
2049,247
2050,260
2051,274
2052,290
2053,306
2054,337
2055,381
2056,444
2057,531
2058,638
2059,756
2060,855
2061,892
2062,854
2063,745
2064,602
2065,456
2066,356
2067,318
2068,308
2069,302
2070,298
2071,295
2072,291
2073,289
2074,287
2075,285
2076,282
2077,278
2078,271
2079,266
2080,262
2081,259
2082,256
2083,254
2084,252
2085,249
2086,247
2087,245
2088,242
2089,240
2090,239
2091,237
2092,236
2093,235
2094,233
2095,232
2096,231
2097,229
2098,228
2099,228
2100,228
2101,227
2102,227
2103,226
2104,225
2105,224
2106,223
2107,222
2108,220
2109,219
2110,219
2111,218
2112,218
2113,217
2114,216
2115,214
2116,211
2117,212
2118,222
2119,228
2120,231
2121,234
2122,236
2123,238
2124,240
2125,241
2126,243
2127,245
2128,246
2129,248
2130,250
2131,253
2132,259
2133,263
2134,265
2135,268
2136,271
2137,270
2138,262
2139,255
2140,250
2141,245
2142,240
2143,235
2144,225
2145,207
2146,186
2147,166
2148,148
2149,130
2150,113
2151,93
2152,75
2153,62
2154,51
2155,46
2156,42
2157,39
2158,36
2159,32
2160,27
2161,23
2162,19
2163,13
2164,8
2165,2
2166,-2
2167,-5
2168,-8
2169,-9
2170,-10
2171,-12
2172,-13
2173,-14
2174,-15
2175,-16
2176,-17
2177,-18
2178,-20
2179,-22
2180,-24
2181,-26
2182,-27
2183,-28
2184,-30
2185,-31
2186,-31
2187,-32
2188,-32
2189,-33
2190,-34
2191,-35
2192,-37
2193,-39
2194,-40
2195,-42
2196,-43
2197,-44
2198,-45
2199,-45
2200,-44
2201,-43
2202,-41
2203,-40
2204,-39
2205,-38
2206,-37
2207,-36
2208,-35
2209,-35
2210,-34
2211,-34
2212,-34
2213,-33
2214,-32
2215,-30
2216,-29
2217,-27
2218,-26
2219,-25
2220,-24
2221,-24
2222,-24
2223,-26
2224,-29
2225,-31
2226,-35
2227,-38
2228,-40
2229,-42
2230,-43
2231,-44
2232,-44
2233,-45
2234,-47
2235,-48
2236,-49
2237,-51
2238,-53
2239,-55
2240,-57
2241,-58
2242,-59
2243,-60
2244,-60
2245,-61
2246,-61
2247,-61
2248,-61
2249,-60
2250,-60
2251,-60
2252,-60
2253,-60
2254,-60
2255,-60
2256,-60
2257,-60
2258,-60
2259,-61
2260,-61
2261,-61
2262,-60
2263,-61
2264,-61
2265,-61
2266,-62
2267,-62
2268,-63
2269,-64
2270,-65
2271,-67
2272,-69
2273,-71
2274,-72
2275,-73
2276,-74
2277,-75
2278,-77
2279,-78
2280,-78
2281,-77
2282,-76
2283,-75
2284,-75
2285,-74
2286,-73
2287,-72
2288,-71
2289,-70
2290,-69
2291,-68
2292,-67
2293,-67
2294,-66
2295,-65
2296,-64
2297,-64
2298,-63
2299,-63
2300,-61
2301,-60
2302,-59
2303,-59
2304,-58
2305,-58
2306,-57
2307,-56
2308,-55
2309,-55
2310,-54
2311,-53
2312,-50
2313,-48
2314,-48
2315,-50
2316,-54
2317,-58
2318,-60
2319,-63
2320,-65
2321,-68
2322,-71
2323,-74
2324,-76
2325,-78
2326,-78
2327,-78
2328,-79
2329,-81
2330,-84
2331,-89
2332,-93
2333,-93
2334,-87
2335,-81
2336,-77
2337,-74
2338,-71
2339,-68
2340,-63
2341,-60
2342,-57
2343,-53
2344,-47
2345,-22
2346,44
2347,137
2348,248
2349,361
2350,442
2351,452
2352,424
2353,318
2354,174
2355,23
2356,-83
2357,-123
2358,-136
2359,-124
2360,-88
2361,-64
2362,-58
2363,-54
2364,-52
2365,-51
2366,-50
2367,-51
2368,-52
2369,-52
2370,-53
2371,-55
2372,-57
2373,-58
2374,-61
2375,-63
2376,-64
2377,-65
2378,-66
2379,-66
2380,-67
2381,-66
2382,-65
2383,-63
2384,-60
2385,-57
2386,-54
2387,-52
2388,-49
2389,-46
2390,-44
2391,-41
2392,-39
2393,-37
2394,-35
2395,-33
2396,-31
2397,-28
2398,-26
2399,-23
2400,-21
2401,-18
2402,-15
2403,-11
2404,-8
2405,-4
2406,-2
2407,0
2408,3
2409,7
2410,12
2411,21
2412,29
2413,38
2414,47
2415,56
2416,65
2417,73
2418,83
2419,94
2420,101
2421,104
2422,106
2423,109
2424,110
2425,111
2426,112
2427,112
2428,111
2429,109
2430,106
2431,102
2432,96
2433,85
2434,63
2435,45
2436,31
2437,22
2438,13
2439,3
2440,-9
2441,-19
2442,-26
2443,-31
2444,-36
2445,-41
2446,-45
2447,-48
2448,-50
2449,-53
2450,-55
2451,-57
2452,-59
2453,-62
2454,-63
2455,-64
2456,-65
2457,-67
2458,-68
2459,-69
2460,-70
2461,-71
2462,-73
2463,-74
2464,-76
2465,-78
2466,-79
2467,-79
2468,-77
2469,-75
2470,-71
2471,-67
2472,-64
2473,-61
2474,-59
2475,-57
2476,-56
2477,-55
2478,-54
2479,-53
2480,-52
2481,-51
2482,-50
2483,-49
2484,-48
2485,-47
2486,-46
2487,-46
2488,-45
2489,-45
2490,-45
2491,-45
2492,-45
2493,-45
2494,-44
2495,-44
2496,-43
2497,-42
2498,-42
2499,-41
2500,-40
2501,-39
2502,-39
2503,-38
2504,-37
2505,-36
2506,-34
2507,-33
2508,-32
2509,-32
2510,-34
2511,-37
2512,-39
2513,-41
2514,-42
2515,-44
2516,-45
2517,-47
2518,-48
2519,-49
2520,-49
2521,-48
2522,-47
2523,-46
2524,-45
2525,-44
2526,-43
2527,-42
2528,-41
2529,-41
2530,-41
2531,-40
2532,-40
2533,-40
2534,-39
2535,-39
2536,-38
2537,-39
2538,-39
2539,-39
2540,-39
2541,-38
2542,-38
2543,-38
2544,-38
2545,-37
2546,-36
2547,-36
2548,-35
2549,-35
2550,-35
2551,-35
2552,-35
2553,-35
2554,-35
2555,-35
2556,-35
2557,-35
2558,-35
2559,-35
2560,-35
2561,-34
2562,-34
2563,-35
2564,-36
2565,-36
2566,-36
2567,-34
2568,-30
2569,-26
2570,-23
2571,-20
2572,-17
2573,-14
2574,-11
2575,-9
2576,-6
2577,-4
2578,-2
2579,-1
2580,0
2581,1
2582,3
2583,5
2584,7
2585,9
2586,11
2587,13
2588,16
2589,18
2590,20
2591,22
2592,24
2593,26
2594,27
2595,29
2596,32
2597,34
2598,35
2599,36
2600,37
2601,36
2602,36
2603,34
2604,32
2605,30
2606,26
2607,23
2608,21
2609,19
2610,17
2611,15
2612,13
2613,12
2614,10
2615,10
2616,9
2617,10
2618,10
2619,10
2620,10
2621,10
2622,11
2623,12
2624,13
2625,14
2626,16
2627,17
2628,17
2629,16
2630,15
2631,14
2632,12
2633,11
2634,15
2635,27
2636,59
2637,101
2638,158
2639,234
2640,324
2641,412
2642,493
2643,506
2644,485
2645,389
2646,247
2647,100
2648,5
2649,-44
2650,-49
2651,-23
2652,-6
2653,-1
2654,0
2655,2
2656,7
2657,11
2658,15
2659,18
2660,21
2661,24
2662,27
2663,30
2664,31
2665,32
2666,33
2667,35
2668,37
2669,39
2670,40
2671,41
2672,42
2673,42
2674,42
2675,43
2676,44
2677,45
2678,45
2679,46
2680,47
2681,47
2682,48
2683,49
2684,49
2685,50
2686,50
2687,50
2688,50
2689,51
2690,51
2691,52
2692,52
2693,53
2694,54
2695,55
2696,57
2697,59
2698,61
2699,62
2700,64
2701,67
2702,70
2703,74
2704,79
2705,83
2706,88
2707,94
2708,99
2709,103
2710,107
2711,111
2712,117
2713,127
2714,133
2715,137
2716,140
2717,142
2718,142
2719,137
2720,129
2721,118
2722,98
2723,75
2724,53
2725,36
2726,24
2727,14
2728,6
2729,0
2730,-6
2731,-14
2732,-24
2733,-35
2734,-44
2735,-57
2736,-72
2737,-81
2738,-86
2739,-90
2740,-94
2741,-98
2742,-101
2743,-104
2744,-106
2745,-108
2746,-110
2747,-111
2748,-112
2749,-111
2750,-110
2751,-109
2752,-108
2753,-106
2754,-105
2755,-104
2756,-103
2757,-102
2758,-102
2759,-102
2760,-101
2761,-101
2762,-100
2763,-99
2764,-98
2765,-96
2766,-95
2767,-94
2768,-92
2769,-90
2770,-88
2771,-86
2772,-85
2773,-83
2774,-82
2775,-80
2776,-79
2777,-77
2778,-74
2779,-72
2780,-70
2781,-67
2782,-65
2783,-63
2784,-60
2785,-58
2786,-57
2787,-55
2788,-54
2789,-53
2790,-51
2791,-50
2792,-48
2793,-46
2794,-44
2795,-42
2796,-41
2797,-39
2798,-38
2799,-37
2800,-36
2801,-36
2802,-35
2803,-35
2804,-35
2805,-34
2806,-33
2807,-33
2808,-33
2809,-34
2810,-35
2811,-37
2812,-38
2813,-39
2814,-40
2815,-41
2816,-42
2817,-43
2818,-44
2819,-44
2820,-44
2821,-45
2822,-44
2823,-44
2824,-43
2825,-43
2826,-41
2827,-40
2828,-39
2829,-38
2830,-37
2831,-35
2832,-34
2833,-38
2834,-44
2835,-48
2836,-52
2837,-55
2838,-57
2839,-58
2840,-57
2841,-54
2842,-50
2843,-47
2844,-45
2845,-44
2846,-42
2847,-40
2848,-38
2849,-36
2850,-35
2851,-34
2852,-33
2853,-32
2854,-31
2855,-31
2856,-32
2857,-32
2858,-33
2859,-35
2860,-36
2861,-37
2862,-38
2863,-38
2864,-39
2865,-40
2866,-44
2867,-46
2868,-46
2869,-41
2870,-36
2871,-32
2872,-30
2873,-27
2874,-25
2875,-22
2876,-20
2877,-17
2878,-15
2879,-14
2880,-14
2881,-12
2882,-11
2883,-7
2884,-1
2885,3
2886,7
2887,10
2888,12
2889,12
2890,9
2891,5
2892,1
2893,-2
2894,-7
2895,-14
2896,-22
2897,-27
2898,-31
2899,-36
2900,-40
2901,-42
2902,-43
2903,-42
2904,-40
2905,-39
2906,-36
2907,-34
2908,-32
2909,-30
2910,-28
2911,-26
2912,-25
2913,-24
2914,-23
2915,-23
2916,-22
2917,-21
2918,-20
2919,-19
2920,-19
2921,-18
2922,-17
2923,-16
2924,-14
2925,-12
2926,-9
2927,1
2928,34
2929,95
2930,175
2931,274
2932,384
2933,475
2934,524
2935,499
2936,431
2937,299
2938,148
2939,29
2940,-50
2941,-74
2942,-72
2943,-36
2944,-15
2945,-17
2946,-37
2947,-50
2948,-69
2949,-86
2950,-93
2951,-92
2952,-84
2953,-70
2954,-57
2955,-52
2956,-50
2957,-49
2958,-48
2959,-46
2960,-45
2961,-43
2962,-41
2963,-39
2964,-36
2965,-34
2966,-30
2967,-23
2968,-20
2969,-24
2970,-30
2971,-33
2972,-37
2973,-40
2974,-42
2975,-43
2976,-43
2977,-41
2978,-38
2979,-35
2980,-31
2981,-26
2982,-19
2983,-12
2984,-7
2985,-3
2986,1
2987,5
2988,9
2989,15
2990,22
2991,28
2992,35
2993,40
2994,44
2995,47
2996,52
2997,59
2998,69
2999,77
3000,83
3001,88
3002,93
3003,98
3004,107
3005,122
3006,133
3007,139
3008,144
3009,149
3010,153
3011,159
3012,165
3013,165
3014,157
3015,147
3016,132
3017,118
3018,108
3019,96
3020,79
3021,57
3022,39
3023,29
3024,21
3025,15
3026,9
3027,5
3028,2
3029,-1
3030,-3
3031,-6
3032,-8
3033,-10
3034,-11
3035,-12
3036,-14
3037,-16
3038,-18
3039,-19
3040,-18
3041,-16
3042,-14
3043,-12
3044,-10
3045,-9
3046,-8
3047,-7
3048,-5
3049,-4
3050,-4
3051,-3
3052,-3
3053,-2
3054,0
3055,1
3056,2
3057,4
3058,6
3059,8
3060,10
3061,13
3062,16
3063,18
3064,21
3065,24
3066,28
3067,34
3068,39
3069,43
3070,43
3071,42
3072,39
3073,35
3074,32
3075,29
3076,24
3077,20
3078,17
3079,18
3080,21
3081,24
3082,26
3083,28
3084,30
3085,31
3086,32
3087,31
3088,29
3089,26
3090,24
3091,23
3092,22
3093,21
3094,19
3095,18
3096,16
3097,15
3098,13
3099,12
3100,11
3101,10
3102,9
3103,8
3104,7
3105,7
3106,6
3107,6
3108,5
3109,5
3110,4
3111,3
3112,3
3113,2
3114,2
3115,2
3116,2
3117,2
3118,2
3119,2
3120,3
3121,3
3122,3
3123,3
3124,3
3125,4
3126,4
3127,4
3128,5
3129,5
3130,5
3131,5
3132,6
3133,6
3134,7
3135,7
3136,7
3137,7
3138,7
3139,8
3140,8
3141,9
3142,10
3143,10
3144,10
3145,11
3146,12
3147,12
3148,13
3149,13
3150,14
3151,15
3152,16
3153,17
3154,18
3155,19
3156,20
3157,21
3158,22
3159,24
3160,25
3161,26
3162,27
3163,28
3164,29
3165,31
3166,33
3167,36
3168,38
3169,42
3170,49
3171,57
3172,61
3173,64
3174,67
3175,71
3176,71
3177,63
3178,53
3179,38
3180,24
3181,13
3182,4
3183,-7
3184,-20
3185,-27
3186,-31
3187,-34
3188,-36
3189,-35
3190,-32
3191,-26
3192,-22
3193,-18
3194,-15
3195,-12
3196,-9
3197,-7
3198,-5
3199,-5
3200,-6
3201,-8
3202,-11
3203,-14
3204,-18
3205,-22
3206,-28
3207,-34
3208,-34
3209,-30
3210,-22
3211,4
3212,49
3213,111
3214,191
3215,279
3216,366
3217,443
3218,477
3219,432
3220,344
3221,219
3222,82
3223,-18
3224,-58
3225,-72
3226,-60
3227,-53
3228,-50
3229,-48
3230,-46
3231,-44
3232,-43
3233,-42
3234,-41
3235,-40
3236,-38
3237,-36
3238,-35
3239,-34
3240,-34
3241,-34
3242,-33
3243,-33
3244,-33
3245,-33
3246,-33
3247,-33
3248,-33
3249,-32
3250,-31
3251,-30
3252,-29
3253,-28
3254,-27
3255,-25
3256,-24
3257,-23
3258,-21
3259,-20
3260,-19
3261,-18
3262,-17
3263,-15
3264,-12
3265,-9
3266,-5
3267,-1
3268,2
3269,6
3270,10
3271,13
3272,17
3273,20
3274,23
3275,27
3276,31
3277,37
3278,42
3279,49
3280,56
3281,61
3282,65
3283,71
3284,77
3285,83
3286,90
3287,95
3288,99
3289,102
3290,105
3291,106
3292,105
3293,102
3294,98
3295,92
3296,82
3297,64
3298,52
3299,43
3300,36
3301,30
3302,23
3303,14
3304,1
3305,-8
3306,-14
3307,-20
3308,-26
3309,-34
3310,-41
3311,-46
3312,-51
3313,-55
3314,-59
3315,-63
3316,-66
3317,-68
3318,-69
3319,-69
3320,-70
3321,-70
3322,-71
3323,-71
3324,-72
3325,-73
3326,-73
3327,-73
3328,-73
3329,-73
3330,-72
3331,-71
3332,-69
3333,-67
3334,-64
3335,-61
3336,-59
3337,-57
3338,-56
3339,-55
3340,-54
3341,-53
3342,-52
3343,-51
3344,-51
3345,-51
3346,-50
3347,-49
3348,-47
3349,-45
3350,-43
3351,-42
3352,-41
3353,-41
3354,-40
3355,-38
3356,-37
3357,-35
3358,-33
3359,-31
3360,-28
3361,-25
3362,-21
3363,-17
3364,-13
3365,-10
3366,-7
3367,-5
3368,-3
3369,0
3370,0
3371,1
3372,2
3373,2
3374,3
3375,4
3376,5
3377,6
3378,7
3379,8
3380,9
3381,10
3382,11
3383,12
3384,13
3385,14
3386,14
3387,14
3388,14
3389,15
3390,16
3391,17
3392,17
3393,17
3394,17
3395,17
3396,18
3397,19
3398,21
3399,23
3400,24
3401,26
3402,28
3403,30
3404,32
3405,34
3406,35
3407,35
3408,35
3409,36
3410,37
3411,38
3412,39
3413,41
3414,43
3415,44
3416,44
3417,41
3418,37
3419,32
3420,29
3421,26
3422,23
3423,20
3424,17
3425,15
3426,14
3427,13
3428,13
3429,14
3430,16
3431,18
3432,20
3433,23
3434,25
3435,27
3436,29
3437,30
3438,33
3439,35
3440,38
3441,41
3442,43
3443,46
3444,49
3445,51
3446,53
3447,55
3448,57
3449,58
3450,59
3451,60
3452,62
3453,64
3454,66
3455,68
3456,70
3457,71
3458,71
3459,71
3460,69
3461,65
3462,61
3463,55
3464,50
3465,43
3466,33
3467,25
3468,19
3469,15
3470,13
3471,11
3472,10
3473,9
3474,8
3475,7
3476,6
3477,6
3478,7
3479,8
3480,9
3481,10
3482,12
3483,14
3484,17
3485,20
3486,21
3487,21
3488,19
3489,15
3490,13
3491,8
3492,9
3493,22
3494,58
3495,106
3496,166
3497,246
3498,338
3499,428
3500,493
3501,503
3502,482
3503,381
3504,251
3505,114
3506,-2
3507,-39
3508,-52
3509,-34
3510,-2
3511,16
3512,22
3513,26
3514,24
3515,10
3516,2
3517,-3
3518,-8
3519,-11
3520,-15
3521,-19
3522,-21
3523,-24
3524,-27
3525,-30
3526,-35
3527,-45
3528,-56
3529,-61
3530,-63
3531,-65
3532,-68
3533,-70
3534,-72
3535,-74
3536,-75
3537,-75
3538,-74
3539,-74
3540,-72
3541,-70
3542,-68
3543,-64
3544,-61
3545,-57
3546,-53
3547,-50
3548,-43
3549,-36
3550,-30
3551,-25
3552,-20
3553,-14
3554,-6
3555,0
3556,7
3557,13
3558,17
3559,21
3560,26
3561,32
3562,38
3563,44
3564,50
3565,56
3566,62
3567,67
3568,72
3569,77
3570,82
3571,87
3572,92
3573,96
3574,98
3575,99
3576,101
3577,103
3578,106
3579,107
3580,102
3581,90
3582,77
3583,61
3584,48
3585,34
3586,20
3587,3
3588,-8
3589,-16
3590,-23
3591,-28
3592,-34
3593,-39
3594,-43
3595,-45
3596,-47
3597,-48
3598,-50
3599,-51
3600,-52
3601,-54
3602,-55
3603,-56
3604,-56
3605,-57
3606,-58
3607,-59
3608,-60
3609,-60
3610,-60
3611,-59
3612,-58
3613,-57
3614,-56
3615,-56
3616,-55
3617,-53
3618,-52
3619,-50
3620,-49
3621,-48
3622,-47
3623,-46
3624,-43
3625,-39
3626,-37
3627,-36
3628,-35
3629,-34
3630,-33
3631,-32
3632,-30
3633,-29
3634,-28
3635,-27
3636,-26
3637,-24
3638,-22
3639,-20
3640,-19
3641,-18
3642,-17
3643,-16
3644,-15
3645,-14
3646,-13
3647,-13
3648,-12
3649,-11
3650,-10
3651,-9
3652,-8
3653,-7
3654,-6
3655,-6
3656,-6
3657,-6
3658,-7
3659,-9
3660,-10
3661,-11
3662,-12
3663,-13
3664,-13
3665,-14
3666,-15
3667,-16
3668,-16
3669,-16
3670,-17
3671,-18
3672,-20
3673,-21
3674,-20
3675,-19
3676,-18
3677,-17
3678,-17
3679,-17
3680,-16
3681,-16
3682,-14
3683,-14
3684,-13
3685,-14
3686,-15
3687,-17
3688,-19
3689,-21
3690,-22
3691,-24
3692,-26
3693,-27
3694,-29
3695,-29
3696,-29
3697,-28
3698,-26
3699,-24
3700,-21
3701,-20
3702,-18
3703,-15
3704,-12
3705,-9
3706,-8
3707,-7
3708,-9
3709,-11
3710,-14
3711,-17
3712,-21
3713,-27
3714,-30
3715,-26
3716,-19
3717,-15
3718,-12
3719,-9
3720,-7
3721,-5
3722,-3
3723,-1
3724,0
3725,2
3726,3
3727,5
3728,6
3729,7
3730,8
3731,9
3732,10
3733,11
3734,14
3735,15
3736,16
3737,16
3738,14
3739,10
3740,6
3741,2
3742,-2
3743,-9
3744,-16
3745,-22
3746,-27
3747,-31
3748,-34
3749,-37
3750,-39
3751,-42
3752,-44
3753,-45
3754,-45
3755,-46
3756,-46
3757,-46
3758,-46
3759,-45
3760,-44
3761,-43
3762,-42
3763,-40
3764,-39
3765,-37
3766,-35
3767,-33
3768,-30
3769,-27
3770,-25
3771,-22
3772,-18
3773,-11
3774,13
3775,59
3776,126
3777,216
3778,313
3779,397
3780,445
3781,445
3782,394
3783,281
3784,145
3785,10
3786,-84
3787,-118
3788,-119
3789,-92
3790,-55
3791,-18
3792,-6
3793,-3
3794,0
3795,1
3796,-10
3797,-21
3798,-28
3799,-33
3800,-34
3801,-32
3802,-28
3803,-23
3804,-21
3805,-19
3806,-18
3807,-17
3808,-16
3809,-15
3810,-14
3811,-13
3812,-10
3813,-8
3814,-6
3815,-4
3816,-3
3817,-3
3818,-2
3819,-1
3820,0
3821,2
3822,3
3823,5
3824,8
3825,12
3826,16
3827,20
3828,22
3829,24
3830,26
3831,28
3832,31
3833,34
3834,37
3835,41
3836,45
3837,49
3838,53
3839,58
3840,64
3841,72
3842,80
3843,88
3844,95
3845,102
3846,110
3847,117
3848,123
3849,128
3850,132
3851,137
3852,142
3853,144
3854,145
3855,144
3856,141
3857,137
3858,132
3859,124
3860,112
3861,96
3862,75
3863,60
3864,52
3865,46
3866,39
3867,33
3868,27
3869,17
3870,4
3871,-4
3872,-10
3873,-14
3874,-19
3875,-26
3876,-33
3877,-36
3878,-38
3879,-41
3880,-42
3881,-44
3882,-45
3883,-47
3884,-48
3885,-49
3886,-50
3887,-52
3888,-53
3889,-53
3890,-53
3891,-53
3892,-53
3893,-53
3894,-53
3895,-53
3896,-52
3897,-51
3898,-51
3899,-50
3900,-50
3901,-50
3902,-50
3903,-51
3904,-51
3905,-51
3906,-51
3907,-51
3908,-51
3909,-51
3910,-50
3911,-49
3912,-49
3913,-49
3914,-50
3915,-51
3916,-52
3917,-53
3918,-54
3919,-55
3920,-56
3921,-57
3922,-57
3923,-57
3924,-56
3925,-54
3926,-52
3927,-49
3928,-47
3929,-44
3930,-40
3931,-37
3932,-32
3933,-19
3934,-8
3935,-3
3936,0
3937,3
3938,5
3939,8
3940,10
3941,11
3942,13
3943,14
3944,15
3945,15
3946,16
3947,16
3948,16
3949,17
3950,18
3951,18
3952,19
3953,20
3954,22
3955,23
3956,25
3957,28
3958,31
3959,35
3960,40
3961,52
3962,70
3963,78
3964,83
3965,90
3966,101
3967,116
3968,139
3969,164
3970,183
3971,197
3972,215
3973,228
3974,236
3975,240
3976,239
3977,232
3978,221
3979,213
3980,205
3981,198
3982,192
3983,189
3984,186
3985,183
3986,179
3987,173
3988,165
3989,156
3990,146
3991,135
3992,121
3993,110
3994,103
3995,96
3996,91
3997,88
3998,85
3999,84
4000,84
4001,83
4002,81
4003,80
4004,79
4005,77
4006,75
4007,73
4008,71
4009,68
4010,65
4011,61
4012,58
4013,52
4014,41
4015,32
4016,25
4017,19
4018,14
4019,10
4020,8
4021,10
4022,14
4023,18
4024,22
4025,26
4026,29
4027,33
4028,36
4029,40
4030,44
4031,49
4032,53
4033,57
4034,61
4035,66
4036,71
4037,75
4038,77
4039,76
4040,73
4041,68
4042,63
4043,57
4044,46
4045,45
4046,54
4047,80
4048,139
4049,221
4050,316
4051,403
4052,459
4053,466
4054,447
4055,361
4056,250
4057,140
4058,52
4059,23
4060,13
4061,9
4062,12
4063,19
4064,30
4065,47
4066,55
4067,59
4068,62
4069,64
4070,66
4071,68
4072,69
4073,69
4074,69
4075,69
4076,68
4077,66
4078,64
4079,61
4080,58
4081,55
4082,52
4083,49
4084,47
4085,44
4086,42
4087,40
4088,38
4089,36
4090,34
4091,32
4092,30
4093,27
4094,25
4095,23
4096,21
4097,19
4098,16
4099,13
4100,11
4101,9
4102,8
4103,7
4104,6
4105,5
4106,4
4107,4
4108,2
4109,-2
4110,-1
4111,9
4112,18
4113,25
4114,32
4115,39
4116,45
4117,48
4118,52
4119,55
4120,58
4121,60
4122,62
4123,63
4124,63
4125,63
4126,63
4127,62
4128,61
4129,59
4130,56
4131,52
4132,47
4133,42
4134,29
4135,4
4136,-16
4137,-40
4138,-64
4139,-90
4140,-108
4141,-120
4142,-127
4143,-130
4144,-132
4145,-134
4146,-134
4147,-135
4148,-137
4149,-138
4150,-138
4151,-137
4152,-134
4153,-131
4154,-127
4155,-122
4156,-114
4157,-114
4158,-128
4159,-138
4160,-146
4161,-153
4162,-158
4163,-160
4164,-160
4165,-160
4166,-159
4167,-159
4168,-160
4169,-160
4170,-161
4171,-161
4172,-161
4173,-161
4174,-163
4175,-165
4176,-159
4177,-153
4178,-149
4179,-146
4180,-144
4181,-143
4182,-145
4183,-148
4184,-150
4185,-152
4186,-154
4187,-159
4188,-161
4189,-155
4190,-144
4191,-134
4192,-125
4193,-118
4194,-115
4195,-113
4196,-112
4197,-112
4198,-111
4199,-110
4200,-110
4201,-110
4202,-110
4203,-110
4204,-110
4205,-109
4206,-109
4207,-108
4208,-107
4209,-106
4210,-105
4211,-103
4212,-102
4213,-99
4214,-97
4215,-94
4216,-92
4217,-90
4218,-87
4219,-84
4220,-80
4221,-76
4222,-72
4223,-69
4224,-66
4225,-65
4226,-63
4227,-62
4228,-61
4229,-60
4230,-59
4231,-59
4232,-59
4233,-59
4234,-59
4235,-58
4236,-57
4237,-57
4238,-56
4239,-56
4240,-56
4241,-56
4242,-55
4243,-55
4244,-55
4245,-55
4246,-56
4247,-56
4248,-55
4249,-54
4250,-53
4251,-52
4252,-52
4253,-53
4254,-52
4255,-51
4256,-49
4257,-49
4258,-48
4259,-48
4260,-47
4261,-46
4262,-44
4263,-42
4264,-40
4265,-38
4266,-37
4267,-35
4268,-32
4269,-30
4270,-28
4271,-26
4272,-25
4273,-24
4274,-23
4275,-22
4276,-19
4277,-17
4278,-15
4279,-13
4280,-11
4281,-9
4282,-6
4283,-3
4284,0
4285,2
4286,5
4287,9
4288,15
4289,22
4290,28
4291,31
4292,34
4293,36
4294,38
4295,40
4296,43
4297,44
4298,45
4299,43
4300,38
4301,32
4302,26
4303,21
4304,15
4305,9
4306,4
4307,1
4308,-1
4309,-2
4310,-3
4311,-3
4312,-5
4313,-7
4314,-8
4315,-10
4316,-9
4317,-6
4318,-2
4319,1
4320,4
4321,6
4322,8
4323,11
4324,16
4325,20
4326,24
4327,28
4328,34
4329,44
4330,82
4331,139
4332,219
4333,313
4334,404
4335,460
4336,479
4337,453
4338,375
4339,254
4340,125
4341,26
4342,-11
4343,-24
4344,-16
4345,-10
4346,-6
4347,-5
4348,-4
4349,-2
4350,0
4351,2
4352,4
4353,5
4354,6
4355,8
4356,9
4357,9
4358,9
4359,10
4360,11
4361,12
4362,13
4363,14
4364,14
4365,14
4366,13
4367,12
4368,12
4369,12
4370,13
4371,14
4372,15
4373,16
4374,18
4375,19
4376,20
4377,21
4378,21
4379,22
4380,22
4381,23
4382,24
4383,25
4384,27
4385,29
4386,32
4387,34
4388,38
4389,42
4390,45
4391,49
4392,52
4393,56
4394,60
4395,65
4396,73
4397,86
4398,97
4399,106
4400,111
4401,115
4402,119
4403,122
4404,125
4405,126
4406,127
4407,127
4408,128
4409,127
4410,126
4411,125
4412,122
4413,120
4414,117
4415,113
4416,110
4417,104
4418,91
4419,81
4420,72
4421,62
4422,53
4423,42
4424,28
4425,17
4426,8
4427,0
4428,-6
4429,-13
4430,-18
4431,-21
4432,-24
4433,-26
4434,-29
4435,-31
4436,-33
4437,-34
4438,-36
4439,-38
4440,-39
4441,-41
4442,-42
4443,-42
4444,-43
4445,-45
4446,-46
4447,-48
4448,-49
4449,-50
4450,-51
4451,-51
4452,-52
4453,-53
4454,-53
4455,-53
4456,-52
4457,-52
4458,-53
4459,-53
4460,-54
4461,-54
4462,-54
4463,-53
4464,-53
4465,-53
4466,-54
4467,-53
4468,-53
4469,-52
4470,-51
4471,-50
4472,-49
4473,-48
4474,-47
4475,-45
4476,-43
4477,-41
4478,-39
4479,-38
4480,-36
4481,-33
4482,-31
4483,-28
4484,-26
4485,-24
4486,-22
4487,-20
4488,-17
4489,-14
4490,-12
4491,-11
4492,-11
4493,-12
4494,-14
4495,-16
4496,-18
4497,-20
4498,-24
4499,-27
4500,-30
4501,-33
4502,-35
4503,-37
4504,-39
4505,-41
4506,-42
4507,-41
4508,-40
4509,-39
4510,-37
4511,-36
4512,-36
4513,-36
4514,-35
4515,-35
4516,-35
4517,-35
4518,-35
4519,-36
4520,-37
4521,-37
4522,-38
4523,-38
4524,-38
4525,-39
4526,-40
4527,-41
4528,-42
4529,-43
4530,-44
4531,-44
4532,-44
4533,-44
4534,-44
4535,-43
4536,-43
4537,-42
4538,-40
4539,-40
4540,-39
4541,-39
4542,-38
4543,-38
4544,-38
4545,-38
4546,-39
4547,-39
4548,-40
4549,-39
4550,-39
4551,-38
4552,-37
4553,-36
4554,-35
4555,-34
4556,-32
4557,-30
4558,-28
4559,-26
4560,-25
4561,-23
4562,-19
4563,-7
4564,2
4565,12
4566,18
4567,23
4568,28
4569,32
4570,35
4571,36
4572,33
4573,27
4574,20
4575,12
4576,6
4577,-1
4578,-9
4579,-17
4580,-25
4581,-31
4582,-36
4583,-40
4584,-44
4585,-47
4586,-51
4587,-54
4588,-55
4589,-55
4590,-54
4591,-51
4592,-49
4593,-47
4594,-45
4595,-43
4596,-41
4597,-38
4598,-36
4599,-34
4600,-32
4601,-29
4602,-27
4603,-24
4604,-22
4605,-19
4606,-16
4607,-11
4608,-4
4609,29
4610,79
4611,144
4612,226
4613,317
4614,397
4615,440
4616,440
4617,396
4618,288
4619,152
4620,23
4621,-54
4622,-79
4623,-63
4624,-47
4625,-34
4626,-28
4627,-31
4628,-36
4629,-38
4630,-39
4631,-41
4632,-42
4633,-42
4634,-42
4635,-42
4636,-43
4637,-44
4638,-44
4639,-45
4640,-45
4641,-44
4642,-44
4643,-45
4644,-45
4645,-45
4646,-44
4647,-42
4648,-41
4649,-39
4650,-37
4651,-34
4652,-31
4653,-29
4654,-27
4655,-26
4656,-25
4657,-24
4658,-22
4659,-21
4660,-19
4661,-17
4662,-15
4663,-13
4664,-10
4665,-7
4666,-4
4667,-1
4668,1
4669,3
4670,5
4671,8
4672,12
4673,17
4674,23
4675,34
4676,45
4677,52
4678,59
4679,69
4680,82
4681,97
4682,104
4683,108
4684,112
4685,116
4686,118
4687,119
4688,120
4689,121
4690,121
4691,120
4692,119
4693,116
4694,113
4695,109
4696,105
4697,100
4698,93
4699,81
4700,69
4701,58
4702,41
4703,16
4704,6
4705,1
4706,-1
4707,-4
4708,-6
4709,-7
4710,-9
4711,-10
4712,-13
4713,-15
4714,-16
4715,-18
4716,-20
4717,-22
4718,-25
4719,-27
4720,-30
4721,-34
4722,-38
4723,-41
4724,-42
4725,-43
4726,-44
4727,-45
4728,-46
4729,-47
4730,-47
4731,-47
4732,-48
4733,-48
4734,-48
4735,-47
4736,-47
4737,-46
4738,-46
4739,-45
4740,-44
4741,-43
4742,-43
4743,-42
4744,-42
4745,-42
4746,-42
4747,-42
4748,-40
4749,-39
4750,-45
4751,-54
4752,-59
4753,-62
4754,-64
4755,-66
4756,-69
4757,-71
4758,-72
4759,-73
4760,-73
4761,-73
4762,-72
4763,-72
4764,-71
4765,-71
4766,-70
4767,-69
4768,-68
4769,-67
4770,-67
4771,-66
4772,-64
4773,-63
4774,-61
4775,-60
4776,-62
4777,-64
4778,-67
4779,-69
4780,-71
4781,-73
4782,-75
4783,-78
4784,-80
4785,-82
4786,-81
4787,-80
4788,-77
4789,-73
4790,-70
4791,-67
4792,-63
4793,-58
4794,-54
4795,-49
4796,-45
4797,-42
4798,-39
4799,-38
4800,-36
4801,-35
4802,-34
4803,-33
4804,-32
4805,-31
4806,-30
4807,-29
4808,-27
4809,-26
4810,-24
4811,-23
4812,-22
4813,-21
4814,-20
4815,-20
4816,-19
4817,-18
4818,-17
4819,-15
4820,-13
4821,-10
4822,-7
4823,-3
4824,0
4825,2
4826,4
4827,6
4828,8
4829,11
4830,14
4831,17
4832,21
4833,25
4834,29
4835,33
4836,38
4837,44
4838,52
4839,60
4840,69
4841,77
4842,81
4843,85
4844,88
4845,91
4846,94
4847,96
4848,97
4849,98
4850,98
4851,97
4852,96
4853,95
4854,93
4855,91
4856,88
4857,85
4858,82
4859,80
4860,77
4861,74
4862,72
4863,70
4864,69
4865,68
4866,67
4867,67
4868,68
4869,70
4870,72
4871,74
4872,77
4873,80
4874,83
4875,87
4876,91
4877,96
4878,100
4879,104
4880,109
4881,120
4882,138
4883,170
4884,221
4885,292
4886,373
4887,453
4888,514
4889,538
4890,533
4891,475
4892,369
4893,245
4894,140
4895,67
4896,47
4897,49
4898,76
4899,98
4900,102
4901,104
4902,107
4903,109
4904,111
4905,112
4906,113
4907,114
4908,114
4909,115
4910,115
4911,115
4912,114
4913,113
4914,113
4915,113
4916,114
4917,114
4918,115
4919,117
4920,118
4921,118
4922,119
4923,119
4924,120
4925,120
4926,121
4927,121
4928,122
4929,122
4930,123
4931,125
4932,128
4933,131
4934,133
4935,134
4936,133
4937,132
4938,131
4939,129
4940,127
4941,125
4942,122
4943,120
4944,119
4945,122
4946,127
4947,133
4948,141
4949,155
4950,171
4951,183
4952,193
4953,201
4954,209
4955,216
4956,221
4957,226
4958,230
4959,233
4960,235
4961,237
4962,238
4963,239
4964,240
4965,243
4966,244
4967,240
4968,233
4969,225
4970,217
4971,209
4972,201
4973,192
4974,181
4975,171
4976,161
4977,154
4978,145
4979,136
4980,129
4981,124
4982,118
4983,113
4984,108
4985,102
4986,93
4987,81
4988,72
4989,64
4990,55
4991,44
4992,29
4993,10
4994,-11
4995,-30
4996,-47
4997,-63
4998,-74
4999,-83
5000,-93
5001,-107
5002,-121
5003,-134
5004,-149
5005,-165
5006,-181
5007,-210
5008,-241
5009,-271
5010,-288
5011,-298
5012,-303
5013,-307
5014,-312
5015,-318
5016,-324
5017,-333
5018,-345
5019,-354
5020,-362
5021,-372
5022,-385
5023,-395
5024,-402
5025,-407
5026,-412
5027,-416
5028,-420
5029,-429
5030,-444
5031,-456
5032,-465
5033,-464
5034,-457
5035,-452
5036,-449
5037,-446
5038,-443
5039,-441
5040,-438
5041,-435
5042,-432
5043,-429
5044,-424
5045,-417
5046,-411
5047,-405
5048,-397
5049,-388
5050,-379
5051,-373
5052,-368
5053,-364
5054,-360
5055,-357
5056,-353
5057,-336
5058,-307
5059,-288
5060,-272
5061,-259
5062,-246
5063,-228
5064,-207
5065,-185
5066,-164
5067,-148
5068,-139
5069,-130
5070,-123
5071,-115
5072,-107
5073,-100
5074,-93
5075,-84
5076,-74
5077,-63
5078,-52
5079,-41
5080,-29
5081,-19
5082,-12
5083,-6
5084,0
5085,4
5086,10
5087,17
5088,24
5089,32
5090,40
5091,51
5092,62
5093,71
5094,77
5095,83
5096,88
5097,94
5098,105
5099,123
5100,142
5101,162
5102,183
5103,200
5104,214
5105,229
5106,244
5107,260
5108,278
5109,294
5110,309
5111,327
5112,348
5113,370
5114,394
5115,417
5116,441
5117,459
5118,472
5119,487
5120,502
5121,523
5122,538
5123,545
5124,551
5125,555
5126,556
5127,555
5128,553
5129,549
5130,543
5131,522
5132,492
5133,472
5134,447
5135,426
5136,395
5137,364
5138,330
5139,298
5140,269
5141,251
5142,231
5143,211
5144,191
5145,169
5146,143
5147,121
5148,100
5149,81
5150,64
5151,49
5152,41
5153,37
5154,34
5155,34
5156,38
5157,44
5158,54
5159,69
5160,93
5161,139
5162,207
5163,294
5164,392
5165,489
5166,546
5167,551
5168,515
5169,413
5170,296
5171,204
5172,167
5173,155
5174,168
5175,191
5176,204
5177,207
5178,209
5179,205
5180,202
5181,199
5182,198
5183,197
5184,201
5185,208
5186,215
5187,220
5188,223
5189,227
5190,230
5191,234
5192,237
5193,239
5194,241
5195,241
5196,242
5197,242
5198,242
5199,242
5200,242
5201,242
5202,242
5203,243
5204,243
5205,244
5206,245
5207,246
5208,248
5209,250
5210,252
5211,254
5212,256
5213,259
5214,261
5215,263
5216,265
5217,268
5218,270
5219,273
5220,276
5221,278
5222,280
5223,281
5224,283
5225,285
5226,288
5227,290
5228,292
5229,295
5230,298
5231,301
5232,304
5233,308
5234,311
5235,313
5236,316
5237,319
5238,322
5239,324
5240,326
5241,326
5242,324
5243,321
5244,318
5245,313
5246,303
5247,283
5248,263
5249,244
5250,227
5251,209
5252,190
5253,170
5254,148
5255,129
5256,116
5257,108
5258,100
5259,91
5260,78
5261,58
5262,46
5263,40
5264,35
5265,31
5266,27
5267,24
5268,20
5269,17
5270,14
5271,11
5272,7
5273,1
5274,-3
5275,-9
5276,-16
5277,-22
5278,-29
5279,-36
5280,-42
5281,-47
5282,-54
5283,-62
5284,-69
5285,-75
5286,-81
5287,-92
5288,-111
5289,-126
5290,-134
5291,-141
5292,-151
5293,-160
5294,-168
5295,-175
5296,-181
5297,-186
5298,-189
5299,-191
5300,-193
5301,-194
5302,-196
5303,-197
5304,-198
5305,-199
5306,-200
5307,-200
5308,-199
5309,-199
5310,-199
5311,-199
5312,-198
5313,-196
5314,-194
5315,-193
5316,-192
5317,-192
5318,-191
5319,-189
5320,-188
5321,-186
5322,-185
5323,-185
5324,-184
5325,-182
5326,-180
5327,-178
5328,-177
5329,-176
5330,-175
5331,-175
5332,-175
5333,-174
5334,-173
5335,-173
5336,-173
5337,-173
5338,-173
5339,-172
5340,-171
5341,-170
5342,-169
5343,-169
5344,-169
5345,-168
5346,-167
5347,-166
5348,-165
5349,-164
5350,-164
5351,-163
5352,-162
5353,-161
5354,-160
5355,-159
5356,-158
5357,-158
5358,-157
5359,-157
5360,-156
5361,-155
5362,-154
5363,-152
5364,-150
5365,-149
5366,-148
5367,-148
5368,-149
5369,-150
5370,-150
5371,-151
5372,-152
5373,-155
5374,-157
5375,-158
5376,-156
5377,-153
5378,-150
5379,-146
5380,-143
5381,-141
5382,-140
5383,-141
5384,-143
5385,-145
5386,-146
5387,-150
5388,-152
5389,-152
5390,-147
5391,-139
5392,-131
5393,-121
5394,-112
5395,-103
5396,-99
5397,-95
5398,-92
5399,-89
5400,-87
5401,-86
5402,-85
5403,-84
5404,-84
5405,-84
5406,-85
5407,-86
5408,-88
5409,-89
5410,-91
5411,-93
5412,-94
5413,-96
5414,-97
5415,-99
5416,-101
5417,-104
5418,-107
5419,-109
5420,-110
5421,-109
5422,-106
5423,-102
5424,-97
5425,-93
5426,-90
5427,-87
5428,-85
5429,-83
5430,-81
5431,-78
5432,-76
5433,-74
5434,-73
5435,-72
5436,-71
5437,-70
5438,-69
5439,-68
5440,-67
5441,-66
5442,-56
5443,-10
5444,54
5445,134
5446,226
5447,319
5448,400
5449,429
5450,424
5451,369
5452,278
5453,172
5454,79
5455,15
5456,-37
5457,-49
5458,-51
5459,-52
5460,-51
5461,-39
5462,-32
5463,-26
5464,-20
5465,-17
5466,-15
5467,-16
5468,-19
5469,-22
5470,-24
5471,-27
5472,-33
5473,-38
5474,-40
5475,-37
5476,-30
5477,-22
5478,-17
5479,-12
5480,-8
5481,-4
5482,0
5483,3
5484,7
5485,9
5486,12
5487,14
5488,15
5489,17
5490,18
5491,20
5492,20
5493,21
5494,23
5495,25
5496,27
5497,29
5498,32
5499,35
5500,38
5501,42
5502,47
5503,55
5504,63
5505,73
5506,82
5507,89
5508,95
5509,100
5510,104
5511,109
5512,113
5513,118
5514,122
5515,125
5516,129
5517,132
5518,135
5519,139
5520,142
5521,145
5522,147
5523,149
5524,150
5525,150
5526,150
5527,150
5528,150
5529,149
5530,147
5531,144
5532,141
5533,137
5534,133
5535,126
5536,111
5537,94
5538,72
5539,42
5540,13
5541,-5
5542,-18
5543,-25
5544,-30
5545,-34
5546,-37
5547,-37
5548,-37
5549,-34
5550,-31
5551,-28
5552,-25
5553,-23
5554,-20
5555,-18
5556,-16
5557,-15
5558,-15
5559,-16
5560,-18
5561,-20
5562,-23
5563,-26
5564,-28
5565,-30
5566,-31
5567,-32
5568,-33
5569,-34
5570,-36
5571,-38
5572,-39
5573,-40
5574,-40
5575,-40
5576,-40
5577,-40
5578,-40
5579,-39
5580,-38
5581,-36
5582,-34
5583,-33
5584,-31
5585,-29
5586,-28
5587,-26
5588,-25
5589,-24
5590,-23
5591,-22
5592,-21
5593,-20
5594,-18
5595,-16
5596,-13
5597,-11
5598,-8
5599,-6
5600,-5
5601,-4
5602,-5
5603,-6
5604,-7
5605,-10
5606,-12
5607,-15
5608,-18
5609,-21
5610,-23
5611,-24
5612,-24
5613,-24
5614,-25
5615,-26
5616,-28
5617,-29
5618,-30
5619,-31
5620,-31
5621,-32
5622,-33
5623,-33
5624,-33
5625,-33
5626,-31
5627,-30
5628,-30
5629,-30
5630,-30
5631,-30
5632,-29
5633,-29
5634,-28
5635,-28
5636,-28
5637,-28
5638,-28
5639,-29
5640,-29
5641,-30
5642,-33
5643,-32
5644,-25
5645,-21
5646,-18
5647,-16
5648,-13
5649,-11
5650,-10
5651,-10
5652,-11
5653,-14
5654,-16
5655,-19
5656,-22
5657,-25
5658,-29
5659,-33
5660,-36
5661,-38
5662,-39
5663,-40
5664,-41
5665,-42
5666,-43
5667,-44
5668,-44
5669,-44
5670,-45
5671,-48
5672,-50
5673,-50
5674,-46
5675,-39
5676,-32
5677,-26
5678,-21
5679,-17
5680,-13
5681,-10
5682,-7
5683,-4
5684,-3
5685,-4
5686,-7
5687,-11
5688,-16
5689,-22
5690,-28
5691,-34
5692,-41
5693,-52
5694,-63
5695,-70
5696,-74
5697,-77
5698,-78
5699,-79
5700,-81
5701,-82
5702,-84
5703,-84
5704,-85
5705,-85
5706,-86
5707,-87
5708,-88
5709,-89
5710,-89
5711,-89
5712,-90
5713,-91
5714,-92
5715,-93
5716,-94
5717,-93
5718,-92
5719,-92
5720,-91
5721,-90
5722,-89
5723,-86
5724,-83
5725,-81
5726,-77
5727,-73
5728,-45
5729,10
5730,86
5731,180
5732,284
5733,377
5734,419
5735,416
5736,357
5737,244
5738,109
5739,-17
5740,-121
5741,-161
5742,-174
5743,-158
5744,-138
5745,-121
5746,-105
5747,-101
5748,-99
5749,-97
5750,-95
5751,-94
5752,-93
5753,-91
5754,-90
5755,-89
5756,-88
5757,-87
5758,-87
5759,-86
5760,-85
5761,-84
5762,-83
5763,-82
5764,-81
5765,-80
5766,-79
5767,-77
5768,-76
5769,-75
5770,-74
5771,-73
5772,-72
5773,-71
5774,-70
5775,-69
5776,-68
5777,-67
5778,-66
5779,-64
5780,-63
5781,-61
5782,-60
5783,-59
5784,-55
5785,-50
5786,-45
5787,-40
5788,-35
5789,-30
5790,-24
5791,-17
5792,-10
5793,-2
5794,6
5795,15
5796,25
5797,33
5798,41
5799,48
5800,54
5801,58
5802,61
5803,63
5804,65
5805,67
5806,68
5807,70
5808,72
5809,74
5810,76
5811,77
5812,77
5813,76
5814,73
5815,68
5816,63
5817,58
5818,51
5819,43
5820,34
5821,25
5822,18
5823,10
5824,-1
5825,-17
5826,-33
5827,-50
5828,-64
5829,-70
5830,-72
5831,-73
5832,-75
5833,-76
5834,-78
5835,-79
5836,-79
5837,-79
5838,-79
5839,-79
5840,-78
5841,-77
5842,-75
5843,-73
5844,-70
5845,-68
5846,-65
5847,-63
5848,-60
5849,-57
5850,-51
5851,-45
5852,-42
5853,-44
5854,-50
5855,-56
5856,-61
5857,-65
5858,-68
5859,-71
5860,-73
5861,-74
5862,-73
5863,-71
5864,-66
5865,-61
5866,-53
5867,-42
5868,-39
5869,-38
5870,-37
5871,-35
5872,-33
5873,-31
5874,-31
5875,-33
5876,-36
5877,-40
5878,-45
5879,-53
5880,-53
5881,-48
5882,-46
5883,-44
5884,-42
5885,-41
5886,-39
5887,-38
5888,-38
5889,-37
5890,-37
5891,-38
5892,-39
5893,-41
5894,-44
5895,-47
5896,-51
5897,-54
5898,-57
5899,-60
5900,-65
5901,-71
5902,-73
5903,-70
5904,-64
5905,-57
5906,-51
5907,-45
5908,-39
5909,-34
5910,-29
5911,-25
5912,-20
5913,-16
5914,-11
5915,-6
5916,-3
5917,-2
5918,-3
5919,-6
5920,-11
5921,-17
5922,-26
5923,-40
5924,-51
5925,-59
5926,-66
5927,-70
5928,-66
5929,-58
5930,-52
5931,-47
5932,-42
5933,-35
5934,-27
5935,-19
5936,-12
5937,-5
5938,1
5939,5
5940,6
5941,7
5942,8
5943,8
5944,9
5945,10
5946,12
5947,14
5948,18
5949,24
5950,31
5951,39
5952,51
5953,61
5954,68
5955,80
5956,93
5957,100
5958,105
5959,108
5960,105
5961,95
5962,81
5963,60
5964,41
5965,20
5966,-1
5967,-18
5968,-26
5969,-31
5970,-35
5971,-34
5972,-28
5973,-20
5974,-14
5975,-8
5976,-3
5977,1
5978,5
5979,9
5980,12
5981,15
5982,18
5983,20
5984,22
5985,24
5986,26
5987,28
5988,30
5989,32
5990,35
5991,38
5992,43
5993,53
5994,73
5995,108
5996,153
5997,217
5998,302
5999,394
6000,473
6001,497
6002,487
6003,413
6004,290
6005,164
6006,58
6007,5
6008,-9
6009,-18
6010,-23
6011,-26
6012,-28
6013,-30
6014,-32
6015,-35
6016,-40
6017,-22
6018,-7
6019,4
6020,13
6021,19
6022,22
6023,24
6024,24
6025,25
6026,26
6027,28
6028,28
6029,28
6030,29
6031,30
6032,30
6033,32
6034,34
6035,36
6036,38
6037,41
6038,44
6039,47
6040,50
6041,53
6042,58
6043,69
6044,76
6045,76
6046,76
6047,77
6048,77
6049,78
6050,77
6051,75
6052,74
6053,73
6054,71
6055,70
6056,70
6057,71
6058,75
6059,79
6060,84
6061,88
6062,92
6063,96
6064,100
6065,104
6066,107
6067,111
6068,114
6069,118
6070,122
6071,125
6072,128
6073,132
6074,136
6075,139
6076,142
6077,143
6078,142
6079,140
6080,137
6081,133
6082,129
6083,123
6084,114
6085,104
6086,93
6087,84
6088,75
6089,67
6090,57
6091,46
6092,34
6093,20
6094,8
6095,-2
6096,-7
6097,-11
6098,-15
6099,-18
6100,-21
6101,-24
6102,-27
6103,-29
6104,-30
6105,-32
6106,-32
6107,-33
6108,-33
6109,-32
6110,-32
6111,-32
6112,-32
6113,-32
6114,-32
6115,-32
6116,-32
6117,-33
6118,-33
6119,-34
6120,-33
6121,-31
6122,-28
6123,-25
6124,-23
6125,-21
6126,-19
6127,-16
6128,-14
6129,-12
6130,-11
6131,-12
6132,-14
6133,-16
6134,-18
6135,-20
6136,-21
6137,-24
6138,-27
6139,-30
6140,-32
6141,-31
6142,-30
6143,-28
6144,-26
6145,-25
6146,-23
6147,-21
6148,-18
6149,-15
6150,-14
6151,-13
6152,-15
6153,-17
6154,-19
6155,-21
6156,-24
6157,-27
6158,-30
6159,-33
6160,-34
6161,-34
6162,-33
6163,-32
6164,-31
6165,-29
6166,-28
6167,-27
6168,-25
6169,-24
6170,-23
6171,-23
6172,-22
6173,-22
6174,-21
6175,-21
6176,-21
6177,-21
6178,-22
6179,-23
6180,-23
6181,-23
6182,-23
6183,-22
6184,-21
6185,-21
6186,-21
6187,-22
6188,-22
6189,-23
6190,-23
6191,-24
6192,-24
6193,-24
6194,-24
6195,-23
6196,-21
6197,-20
6198,-19
6199,-17
6200,-16
6201,-15
6202,-13
6203,-12
6204,-11
6205,-11
6206,-10
6207,-9
6208,-8
6209,-6
6210,-4
6211,-1
6212,1
6213,3
6214,5
6215,8
6216,10
6217,13
6218,15
6219,17
6220,18
6221,18
6222,18
6223,19
6224,20
6225,21
6226,22
6227,24
6228,26
6229,29
6230,33
6231,36
6232,37
6233,33
6234,28
6235,21
6236,13
6237,1
6238,-4
6239,-6
6240,-7
6241,-8
6242,-10
6243,-11
6244,-12
6245,-13
6246,-14
6247,-15
6248,-16
6249,-17
6250,-18
6251,-18
6252,-18
6253,-17
6254,-16
6255,-15
6256,-15
6257,-15
6258,-14
6259,-13
6260,-11
6261,-8
6262,-6
6263,-2
6264,6
6265,32
6266,84
6267,156
6268,249
6269,345
6270,433
6271,473
6272,471
6273,417
6274,311
6275,179
6276,57
6277,-4
6278,-26
6279,-34
6280,-30
6281,-25
6282,-22
6283,-20
6284,-18
6285,-16
6286,-15
6287,-13
6288,-11
6289,-8
6290,-4
6291,-2
6292,0
6293,0
6294,0
6295,0
6296,0
6297,0
6298,0
6299,1
6300,2
6301,3
6302,4
6303,4
6304,5
6305,5
6306,6
6307,7
6308,8
6309,9
6310,10
6311,11
6312,13
6313,14
6314,15
6315,17
6316,20
6317,23
6318,26
6319,31
6320,35
6321,40
6322,45
6323,50
6324,54
6325,57
6326,60
6327,62
6328,64
6329,66
6330,68
6331,71
6332,74
6333,77
6334,81
6335,84
6336,88
6337,91
6338,94
6339,97
6340,101
6341,106
6342,115
6343,124
6344,128
6345,129
6346,131
6347,133
6348,136
6349,138
6350,139
6351,140
6352,139
6353,137
6354,132
6355,127
6356,116
6357,98
6358,81
6359,62
6360,42
6361,23
6362,8
6363,-3
6364,-17
6365,-26
6366,-34
6367,-39
6368,-41
6369,-39
6370,-36
6371,-32
6372,-30
6373,-27
6374,-25
6375,-22
6376,-20
6377,-19
6378,-19
6379,-18
6380,-17
6381,-17
6382,-17
6383,-17
6384,-18
6385,-18
6386,-18
6387,-17
6388,-16
6389,-17
6390,-19
6391,-22
6392,-24
6393,-26
6394,-27
6395,-28
6396,-30
6397,-31
6398,-32
6399,-32
6400,-32
6401,-32
6402,-31
6403,-30
6404,-28
6405,-26
6406,-24
6407,-23
6408,-22
6409,-22
6410,-21
6411,-20
6412,-19
6413,-19
6414,-19
6415,-18
6416,-18
6417,-17
6418,-16
6419,-16
6420,-17
6421,-18
6422,-19
6423,-19
6424,-19
6425,-19
6426,-20
6427,-20
6428,-20
6429,-20
6430,-19
6431,-18
6432,-18
6433,-19
6434,-19
6435,-20
6436,-20
6437,-19
6438,-19
6439,-18
6440,-18
6441,-17
6442,-16
6443,-15
6444,-15
6445,-14
6446,-14
6447,-13
6448,-13
6449,-12
6450,-12
6451,-12
6452,-11
6453,-10
6454,-8
6455,-8
6456,-11
6457,-14
6458,-18
6459,-19
6460,-20
6461,-22
6462,-24
6463,-26
6464,-29
6465,-31
6466,-33
6467,-34
6468,-36
6469,-36
6470,-36
6471,-35
6472,-34
6473,-32
6474,-30
6475,-28
6476,-26
6477,-25
6478,-23
6479,-22
6480,-21
6481,-19
6482,-19
6483,-17
6484,-14
6485,-11
6486,-8
6487,-6
6488,-6
6489,-6
6490,-7
6491,-8
6492,-9
6493,-11
6494,-12
6495,-14
6496,-17
6497,-19
6498,-21
6499,-23
6500,-25
6501,-27
6502,-30
6503,-34
6504,-42
6505,-58
6506,-66
6507,-70
6508,-74
6509,-76
6510,-76
6511,-73
6512,-69
6513,-65
6514,-63
6515,-62
6516,-60
6517,-59
6518,-58
6519,-57
6520,-56
6521,-54
6522,-53
6523,-51
6524,-49
6525,-48
6526,-47
6527,-47
6528,-46
6529,-44
6530,-43
6531,-40
6532,-37
6533,-28
6534,-3
6535,45
6536,119
6537,213
6538,314
6539,400
6540,439
6541,436
6542,378
6543,260
6544,120
6545,-14
6546,-104
6547,-127
6548,-123
6549,-109
6550,-103
6551,-100
6552,-97
6553,-93
6554,-90
6555,-85
6556,-73
6557,-62
6558,-59
6559,-58
6560,-56
6561,-56
6562,-57
6563,-58
6564,-59
6565,-58
6566,-57
6567,-56
6568,-55
6569,-55
6570,-55
6571,-55
6572,-54
6573,-52
6574,-50
6575,-48
6576,-46
6577,-45
6578,-43
6579,-42
6580,-40
6581,-39
6582,-38
6583,-37
6584,-35
6585,-32
6586,-29
6587,-26
6588,-24
6589,-22
6590,-21
6591,-20
6592,-18
6593,-16
6594,-15
6595,-12
6596,-8
6597,1
6598,9
6599,21
6600,38
6601,51
6602,59
6603,66
6604,74
6605,81
6606,86
6607,90
6608,94
6609,97
6610,99
6611,100
6612,101
6613,102
6614,102
6615,103
6616,103
6617,104
6618,105
6619,107
6620,108
6621,104
6622,95
6623,87
6624,77
6625,68
6626,60
6627,48
6628,32
6629,20
6630,13
6631,6
6632,0
6633,-6
6634,-14
6635,-18
6636,-21
6637,-22
6638,-24
6639,-25
6640,-26
6641,-27
6642,-27
6643,-27
6644,-27
6645,-26
6646,-24
6647,-23
6648,-21
6649,-18
6650,-16
6651,-14
6652,-11
6653,-7
6654,-3
6655,-2
6656,-4
6657,-9
6658,-15
6659,-20
6660,-26
6661,-31
6662,-33
6663,-34
6664,-36
6665,-38
6666,-42
6667,-41
6668,-31
6669,-24
6670,-17
6671,-12
6672,-9
6673,-7
6674,-6
6675,-3
6676,-1
6677,0
6678,0
6679,-1
6680,-1
6681,-2
6682,-2
6683,-2
6684,-3
6685,-3
6686,-3
6687,-4
6688,-3
6689,-2
6690,0
6691,1
6692,2
6693,4
6694,7
6695,8
6696,10
6697,11
6698,11
6699,10
6700,9
6701,8
6702,6
6703,4
6704,2
6705,0
6706,0
6707,0
6708,2
6709,5
6710,8
6711,10
6712,13
6713,16
6714,21
6715,25
6716,30
6717,36
6718,39
6719,36
6720,32
6721,28
6722,25
6723,22
6724,19
6725,16
6726,13
6727,9
6728,4
6729,4
6730,13
6731,20
6732,28
6733,32
6734,31
6735,29
6736,27
6737,25
6738,23
6739,24
6740,27
6741,31
6742,34
6743,37
6744,40
6745,41
6746,40
6747,38
6748,35
6749,32
6750,28
6751,25
6752,26
6753,32
6754,38
6755,42
6756,46
6757,50
6758,54
6759,56
6760,56
6761,54
6762,51
6763,48
6764,44
6765,41
6766,38
6767,34
6768,30
6769,27
6770,24
6771,21
6772,19
6773,17
6774,15
6775,14
6776,12
6777,11
6778,11
6779,11
6780,12
6781,13
6782,14
6783,15
6784,17
6785,20
6786,23
6787,26
6788,27
6789,26
6790,23
6791,19
6792,13
6793,6
6794,11
6795,26
6796,66
6797,125
6798,204
6799,291
6800,374
6801,444
6802,477
6803,452
6804,374
6805,253
6806,132
6807,31
6808,-21
6809,-39
6810,-31
6811,-16
6812,-4
6813,0
6814,3
6815,5
6816,6
6817,6
6818,5
6819,3
6820,2
6821,0
6822,-1
6823,-3
6824,-4
6825,-4
6826,-2
6827,0
6828,3
6829,4
6830,6
6831,8
6832,10
6833,12
6834,12
6835,12
6836,10
6837,9
6838,7
6839,5
6840,1
6841,-2
6842,-3
6843,0
6844,4
6845,6
6846,8
6847,10
6848,11
6849,12
6850,14
6851,16
6852,18
6853,20
6854,21
6855,23
6856,25
6857,28
6858,34
6859,44
6860,50
6861,54
6862,57
6863,62
6864,69
6865,77
6866,84
6867,91
6868,97
6869,101
6870,105
6871,110
6872,116
6873,122
6874,125
6875,128
6876,130
6877,131
6878,130
6879,127
6880,122
6881,117
6882,109
6883,97
6884,81
6885,64
6886,56
6887,52
6888,48
6889,43
6890,37
6891,29
6892,14
6893,-4
6894,-12
6895,-17
6896,-22
6897,-29
6898,-38
6899,-44
6900,-50
6901,-55
6902,-59
6903,-62
6904,-64
6905,-66
6906,-68
6907,-69
6908,-70
6909,-71
6910,-72
6911,-72
6912,-72
6913,-72
6914,-72
6915,-73
6916,-74
6917,-74
6918,-74
6919,-74
6920,-75
6921,-75
6922,-76
6923,-76
6924,-77
6925,-78
6926,-80
6927,-81
6928,-82
6929,-82
6930,-83
6931,-84
6932,-85
6933,-86
6934,-86
6935,-87
6936,-88
6937,-88
6938,-89
6939,-91
6940,-92
6941,-93
6942,-93
6943,-93
6944,-93
6945,-93
6946,-93
6947,-92
6948,-91
6949,-90
6950,-89
6951,-87
6952,-86
6953,-85
6954,-81
6955,-81
6956,-90
6957,-95
6958,-98
6959,-102
6960,-105
6961,-107
6962,-107
6963,-105
6964,-102
6965,-99
6966,-97
6967,-95
6968,-94
6969,-93
6970,-91
6971,-90
6972,-89
6973,-88
6974,-87
6975,-86
6976,-85
6977,-83
6978,-82
6979,-82
6980,-82
6981,-81
6982,-81
6983,-81
6984,-81
6985,-81
6986,-81
6987,-81
6988,-81
6989,-80
6990,-79
6991,-78
6992,-77
6993,-76
6994,-74
6995,-73
6996,-72
6997,-71
6998,-69
6999,-68
7000,-66
7001,-64
7002,-62
7003,-60
7004,-57
7005,-53
7006,-49
7007,-44
7008,-39
7009,-33
7010,-28
7011,-23
7012,-18
7013,-13
7014,-10
7015,-8
7016,-10
7017,-15
7018,-20
7019,-25
7020,-29
7021,-33
7022,-37
7023,-40
7024,-43
7025,-45
7026,-45
7027,-44
7028,-42
7029,-39
7030,-36
7031,-31
7032,-24
7033,-12
7034,-6
7035,-2
7036,1
7037,3
7038,4
7039,2
7040,-1
7041,-5
7042,-9
7043,-13
7044,-18
7045,-19
7046,-18
7047,-15
7048,-9
7049,-3
7050,5
7051,13
7052,32
7053,64
7054,115
7055,189
7056,281
7057,378
7058,449
7059,458
7060,434
7061,330
7062,203
7063,85
7064,-2
7065,-27
7066,-35
7067,-15
7068,-2
7069,4
7070,10
7071,13
7072,17
7073,20
7074,23
7075,25
7076,28
7077,31
7078,33
7079,35
7080,37
7081,40
7082,43
7083,46
7084,49
7085,52
7086,55
7087,57
7088,58
7089,59
7090,60
7091,61
7092,61
7093,62
7094,63
7095,64
7096,65
7097,66
7098,67
7099,67
7100,69
7101,70
7102,71
7103,73
7104,75
7105,77
7106,82
7107,87
7108,93
7109,99
7110,104
7111,108
7112,111
7113,115
7114,118
7115,121
7116,124
7117,128
7118,132
7119,139
7120,151
7121,165
7122,175
7123,182
7124,189
7125,192
7126,194
7127,196
7128,199
7129,203
7130,193
7131,187
7132,184
7133,182
7134,180
7135,178
7136,176
7137,174
7138,172
7139,170
7140,167
7141,165
7142,161
7143,153
7144,134
7145,118
7146,108
7147,98
7148,86
7149,77
7150,70
7151,63
7152,57
7153,51
7154,46
7155,43
7156,41
7157,39
7158,37
7159,34
7160,32
7161,30
7162,28
7163,26
7164,24
7165,22
7166,21
7167,20
7168,20
7169,19
7170,19
7171,18
7172,17
7173,17
7174,16
7175,16
7176,15
7177,14
7178,14
7179,13
7180,12
7181,12
7182,11
7183,11
7184,10
7185,9
7186,8
7187,7
7188,6
7189,5
7190,4
7191,3
7192,1
7193,0
7194,0
7195,-2
7196,-7
7197,-12
7198,-14
7199,-11
7200,-8
7201,-5
7202,-3
7203,-2
7204,-1
7205,0
7206,1
7207,3
7208,4
7209,5
7210,6
7211,7
7212,8
7213,7
7214,7
7215,6
7216,5
7217,3
7218,2
7219,1
7220,0
7221,-1
7222,-3
7223,-4
7224,-5
7225,-6
7226,-6
7227,-7
7228,-7
7229,-8
7230,-8
7231,-8
7232,-8
7233,-9
7234,-9
7235,-10
7236,-11
7237,-12
7238,-13
7239,-14
7240,-14
7241,-15
7242,-15
7243,-15
7244,-16
7245,-15
7246,-15
7247,-15
7248,-15
7249,-15
7250,-15
7251,-15
7252,-16
7253,-16
7254,-17
7255,-18
7256,-19
7257,-19
7258,-20
7259,-21
7260,-21
7261,-20
7262,-20
7263,-19
7264,-19
7265,-19
7266,-19
7267,-19
7268,-19
7269,-20
7270,-21
7271,-23
7272,-23
7273,-20
7274,-16
7275,-13
7276,-11
7277,-8
7278,-6
7279,-4
7280,-3
7281,-4
7282,-5
7283,-9
7284,-14
7285,-19
7286,-27
7287,-41
7288,-55
7289,-67
7290,-78
7291,-83
7292,-83
7293,-83
7294,-83
7295,-83
7296,-83
7297,-83
7298,-83
7299,-83
7300,-83
7301,-82
7302,-82
7303,-82
7304,-82
7305,-82
7306,-81
7307,-80
7308,-78
7309,-77
7310,-76
7311,-75
7312,-73
7313,-71
7314,-69
7315,-64
7316,-49
7317,-15
7318,32
7319,97
7320,180
7321,271
7322,357
7323,398
7324,398
7325,355
7326,257
7327,133
7328,21
7329,-69
7330,-114
7331,-130
7332,-116
7333,-90
7334,-71
7335,-65
7336,-62
7337,-60
7338,-58
7339,-56
7340,-55
7341,-53
7342,-51
7343,-49
7344,-47
7345,-45
7346,-42
7347,-40
7348,-38
7349,-38
7350,-38
7351,-40
7352,-42
7353,-44
7354,-45
7355,-49
7356,-51
7357,-47
7358,-39
7359,-35
7360,-32
7361,-30
7362,-28
7363,-26
7364,-23
7365,-20
7366,-17
7367,-14
7368,-12
7369,-10
7370,-7
7371,-4
7372,-1
7373,3
7374,7
7375,12
7376,16
7377,20
7378,24
7379,28
7380,32
7381,36
7382,39
7383,43
7384,46
7385,50
7386,54
7387,58
7388,62
7389,67
7390,72
7391,76
7392,80
7393,83
7394,86
7395,89
7396,92
7397,96
7398,100
7399,102
7400,102
7401,98
7402,93
7403,86
7404,78
7405,66
7406,56
7407,47
7408,32
7409,11
7410,-2
7411,-11
7412,-20
7413,-29
7414,-34
7415,-38
7416,-41
7417,-44
7418,-47
7419,-49
7420,-51
7421,-54
7422,-56
7423,-57
7424,-58
7425,-59
7426,-60
7427,-60
7428,-60
7429,-61
7430,-61
7431,-62
7432,-63
7433,-64
7434,-65
7435,-66
7436,-67
7437,-68
7438,-68
7439,-68
7440,-67
7441,-66
7442,-65
7443,-65
7444,-65
7445,-64
7446,-64
7447,-64
7448,-65
7449,-66
7450,-67
7451,-68
7452,-69
7453,-69
7454,-68
7455,-68
7456,-69
7457,-69
7458,-68
7459,-68
7460,-68
7461,-68
7462,-70
7463,-73
7464,-74
7465,-72
7466,-68
7467,-63
7468,-61
7469,-60
7470,-59
7471,-57
7472,-55
7473,-53
7474,-52
7475,-50
7476,-49
7477,-47
7478,-46
7479,-45
7480,-44
7481,-44
7482,-44
7483,-44
7484,-43
7485,-42
7486,-41
7487,-39
7488,-37
7489,-34
7490,-31
7491,-29
7492,-27
7493,-26
7494,-25
7495,-24
7496,-22
7497,-20
7498,-18
7499,-16
7500,-16
7501,-17
7502,-18
7503,-18
7504,-18
7505,-19
7506,-19
7507,-20
7508,-21
7509,-22
7510,-22
7511,-22
7512,-22
7513,-22
7514,-22
7515,-22
7516,-22
7517,-21
7518,-20
7519,-20
7520,-19
7521,-19
7522,-18
7523,-17
7524,-16
7525,-14
7526,-12
7527,-10
7528,-8
7529,-5
7530,1
7531,9
7532,18
7533,23
7534,26
7535,29
7536,31
7537,33
7538,35
7539,36
7540,37
7541,37
7542,37
7543,37
7544,36
7545,34
7546,32
7547,30
7548,27
7549,23
7550,18
7551,7
7552,-5
7553,-11
7554,-14
7555,-17
7556,-20
7557,-22
7558,-24
7559,-26
7560,-27
7561,-28
7562,-29
7563,-30
7564,-30
7565,-30
7566,-30
7567,-31
7568,-31
7569,-32
7570,-32
7571,-31
7572,-31
7573,-30
7574,-29
7575,-28
7576,-27
7577,-25
7578,-23
7579,-20
7580,-17
7581,-14
7582,3
7583,44
7584,97
7585,164
7586,240
7587,315
7588,378
7589,405
7590,403
7591,368
7592,292
7593,195
7594,106
7595,35
7596,-10
7597,-26
7598,-32
7599,-34
7600,-35
7601,-36
7602,-38
7603,-38
7604,-39
7605,-39
7606,-39
7607,-39
7608,-39
7609,-38
7610,-36
7611,-34
7612,-31
7613,-27
7614,-19
7615,-3
7616,21
7617,-59
7618,-101
7619,-151
7620,-173
7621,-180
7622,-180
7623,-173
7624,-163
7625,-148
7626,-123
7627,-80
7628,19
7629,30
7630,14
7631,5
7632,1
7633,1
7634,6
7635,14
7636,21
7637,28
7638,35
7639,42
7640,49
7641,53
7642,59
7643,64
7644,67
7645,71
7646,74
7647,77
7648,80
7649,83
7650,88
7651,94
7652,100
7653,106
7654,114
7655,125
7656,135
7657,140
7658,143
7659,146
7660,148
7661,149
7662,151
7663,151
7664,152
7665,151
7666,150
7667,149
7668,147
7669,144
7670,140
7671,135
7672,125
7673,106
7674,93
7675,83
7676,74
7677,62
7678,46
7679,37
7680,31
7681,27
7682,22
7683,18
7684,14
7685,9
7686,3
7687,-2
7688,-8
7689,-11
7690,-13
7691,-15
7692,-16
7693,-17
7694,-18
7695,-19
7696,-19
7697,-19
7698,-19
7699,-18
7700,-18
7701,-17
7702,-16
7703,-14
7704,-13
7705,-12
7706,-10
7707,-7
7708,-6
7709,-7
7710,-11
7711,-16
7712,-23
7713,-33
7714,-37
7715,-40
7716,-43
7717,-45
7718,-45
7719,-42
7720,-38
7721,-34
7722,-29
7723,-26
7724,-26
7725,-29
7726,-33
7727,-35
7728,-37
7729,-38
7730,-40
7731,-41
7732,-43
7733,-44
7734,-44
7735,-44
7736,-44
7737,-43
7738,-41
7739,-39
7740,-36
7741,-33
7742,-31
7743,-30
7744,-28
7745,-27
7746,-26
7747,-25
7748,-24
7749,-23
7750,-22
7751,-21
7752,-20
7753,-19
7754,-18
7755,-17
7756,-17
7757,-18
7758,-19
7759,-20
7760,-20
7761,-21
7762,-22
7763,-22
7764,-23
7765,-24
7766,-24
7767,-24
7768,-24
7769,-24
7770,-25
7771,-26
7772,-27
7773,-27
7774,-26
7775,-24
7776,-22
7777,-20
7778,-18
7779,-16
7780,-14
7781,-12
7782,-10
7783,-9
7784,-7
7785,-6
7786,-4
7787,-2
7788,0
7789,2
7790,5
7791,12
7792,12
7793,8
7794,5
7795,3
7796,1
7797,-1
7798,-2
7799,-3
7800,-4
7801,-7
7802,-12
7803,-3
7804,3
7805,8
7806,12
7807,15
7808,18
7809,19
7810,19
7811,21
7812,25
7813,27
7814,25
7815,20
7816,12
7817,0
7818,-13
7819,-23
7820,-26
7821,-28
7822,-30
7823,-32
7824,-33
7825,-33
7826,-32
7827,-31
7828,-30
7829,-29
7830,-29
7831,-29
7832,-28
7833,-27
7834,-26
7835,-26
7836,-26
7837,-25
7838,-25
7839,-25
7840,-24
7841,-23
7842,-22
7843,-21
7844,-14
7845,14
7846,62
7847,131
7848,223
7849,325
7850,420
7851,473
7852,473
7853,420
7854,301
7855,164
7856,47
7857,-25
7858,-46
7859,-53
7860,-43
7861,-34
7862,-28
7863,-24
7864,-22
7865,-22
7866,-24
7867,-27
7868,-30
7869,-34
7870,-38
7871,-42
7872,-42
7873,-39
7874,-35
7875,-32
7876,-30
7877,-27
7878,-25
7879,-22
7880,-20
7881,-17
7882,-14
7883,-11
7884,-4
7885,4
7886,5
7887,5
7888,6
7889,6
7890,6
7891,6
7892,6
7893,6
7894,7
7895,7
7896,8
7897,9
7898,10
7899,10
7900,11
7901,13
7902,15
7903,20
7904,25
7905,31
7906,39
7907,48
7908,58
7909,65
7910,70
7911,74
7912,77
7913,79
7914,80
7915,83
7916,86
7917,90
7918,98
7919,110
7920,124
7921,133
7922,140
7923,147
7924,158
7925,167
7926,171
7927,175
7928,174
7929,166
7930,157
7931,147
7932,138
7933,127
7934,111
7935,95
7936,84
7937,75
7938,67
7939,59
7940,49
7941,40
7942,33
7943,25
7944,17
7945,12
7946,9
7947,6
7948,4
7949,1
7950,0
7951,-2
7952,-4
7953,-5
7954,-6
7955,-7
7956,-9
7957,-11
7958,-15
7959,-18
7960,-20
7961,-19
7962,-18
7963,-16
7964,-15
7965,-13
7966,-11
7967,-10
7968,-9
7969,-9
7970,-10
7971,-11
7972,-12
7973,-13
7974,-14
7975,-15
7976,-17
7977,-17
7978,-18
7979,-18
7980,-19
7981,-19
7982,-18
7983,-17
7984,-15
7985,-13
7986,-12
7987,-11
7988,-11
7989,-10
7990,-9
7991,-8
7992,-6
7993,-5
7994,-4
7995,-3
7996,-2
7997,0
7998,1
7999,2
8000,2
8001,1
8002,1
8003,1
8004,1
8005,1
8006,1
8007,1
8008,1
8009,1
8010,2
8011,3
8012,4
8013,4
8014,4
8015,4
8016,4
8017,4
8018,4
8019,4
8020,4
8021,3
8022,3
8023,2
8024,2
8025,2
8026,2
8027,1
8028,1
8029,0
8030,0
8031,0
8032,0
8033,-1
8034,-2
8035,-3
8036,-4
8037,-6
8038,-7
8039,-9
8040,-10
8041,-11
8042,-12
8043,-12
8044,-12
8045,-10
8046,-6
8047,-3
8048,1
8049,5
8050,9
8051,12
8052,17
8053,23
8054,28
8055,31
8056,31
8057,30
8058,28
8059,24
8060,20
8061,14
8062,4
8063,-3
8064,-13
8065,-28
8066,-45
8067,-63
8068,-73
8069,-77
8070,-80
8071,-83
8072,-85
8073,-86
8074,-88
8075,-89
8076,-90
8077,-92
8078,-93
8079,-95
8080,-97
8081,-98
8082,-99
8083,-100
8084,-102
8085,-105
8086,-109
8087,-113
8088,-117
8089,-121
8090,-125
8091,-131
8092,-134
8093,-130
8094,-120
8095,-88
8096,-38
8097,35
8098,128
8099,229
8100,327
8101,394
8102,404
8103,384
8104,294
8105,168
8106,37
8107,-65
8108,-112
8109,-128
8110,-116
8111,-107
8112,-100
8113,-95
8114,-94
8115,-95
8116,-97
8117,-100
8118,-104
8119,-110
8120,-100
8121,-88
8122,-77
8123,-68
8124,-59
8125,-50
8126,-47
8127,-46
8128,-44
8129,-42
8130,-41
8131,-40
8132,-41
8133,-41
8134,-43
8135,-44
8136,-46
8137,-47
8138,-49
8139,-48
8140,-45
8141,-39
8142,-33
8143,-27
8144,-21
8145,-16
8146,-7
8147,7
8148,15
8149,18
8150,20
8151,22
8152,23
8153,25
8154,27
8155,29
8156,31
8157,32
8158,34
8159,37
8160,40
8161,49
8162,68
8163,79
8164,85
8165,89
8166,93
8167,97
8168,100
8169,104
8170,112
8171,128
8172,139
8173,145
8174,149
8175,152
8176,153
8177,153
8178,151
8179,148
8180,144
8181,138
8182,130
8183,117
8184,109
8185,102
8186,98
8187,93
8188,85
8189,77
8190,66
8191,53
8192,38
8193,30
8194,26
8195,22
8196,19
8197,17
8198,14
8199,11
8200,9
8201,6
8202,4
8203,2
8204,0
8205,0
8206,-1
8207,-2
8208,-3
8209,-3
8210,-4
8211,-4
8212,-5
8213,-5
8214,-5
8215,-6
8216,-6
8217,-6
8218,-6
8219,-6
8220,-6
8221,-6
8222,-5
8223,-5
8224,-5
8225,-6
8226,-6
8227,-7
8228,-8
8229,-9
8230,-9
8231,-10
8232,-11
8233,-12
8234,-13
8235,-13
8236,-14
8237,-15
8238,-17
8239,-18
8240,-20
8241,-22
8242,-24
8243,-27
8244,-31
8245,-35
8246,-37
8247,-39
8248,-40
8249,-41
8250,-42
8251,-44
8252,-45
8253,-47
8254,-49
8255,-51
8256,-53
8257,-57
8258,-60
8259,-63
8260,-65
8261,-67
8262,-69
8263,-71
8264,-73
8265,-74
8266,-76
8267,-76
8268,-76
8269,-76
8270,-76
8271,-75
8272,-75
8273,-73
8274,-72
8275,-69
8276,-66
8277,-66
8278,-70
8279,-75
8280,-77
8281,-79
8282,-81
8283,-83
8284,-85
8285,-86
8286,-88
8287,-88
8288,-89
8289,-88
8290,-87
8291,-86
8292,-85
8293,-83
8294,-81
8295,-79
8296,-77
8297,-75
8298,-73
8299,-71
8300,-69
8301,-68
8302,-67
8303,-65
8304,-64
8305,-63
8306,-62
8307,-61
8308,-60
8309,-58
8310,-56
8311,-55
8312,-57
8313,-61
8314,-66
8315,-70
8316,-72
8317,-74
8318,-76
8319,-78
8320,-80
8321,-83
8322,-85
8323,-87
8324,-89
8325,-90
8326,-91
8327,-92
8328,-92
8329,-92
8330,-92
8331,-93
8332,-93
8333,-94
8334,-94
8335,-93
8336,-93
8337,-92
8338,-92
8339,-91
8340,-90
8341,-89
8342,-86
8343,-84
8344,-81
8345,-78
8346,-59
8347,-10
8348,58
8349,148
8350,250
8351,353
8352,423
8353,432
8354,405
8355,297
8356,139
8357,-21
8358,-137
8359,-173
8360,-174
8361,-146
8362,-97
8363,-64
8364,-53
8365,-49
8366,-49
8367,-52
8368,-57
8369,-59
8370,-62
8371,-63
8372,-65
8373,-67
8374,-68
8375,-68
8376,-69
8377,-70
8378,-69
8379,-67
8380,-65
8381,-61
8382,-58
8383,-54
8384,-50
8385,-47
8386,-44
8387,-41
8388,-38
8389,-35
8390,-32
8391,-28
8392,-26
8393,-23
8394,-21
8395,-19
8396,-17
8397,-15
8398,-14
8399,-12
8400,-10
8401,-7
8402,-3
8403,0
8404,5
8405,10
8406,15
8407,20
8408,24
8409,29
8410,34
8411,39
8412,44
8413,51
8414,61
8415,68
8416,74
8417,81
8418,90
8419,103
8420,113
8421,120
8422,126
8423,130
8424,133
8425,134
8426,135
8427,136
8428,138
8429,140
8430,141
8431,140
8432,138
8433,134
8434,130
8435,125
8436,121
8437,115
8438,108
8439,102
8440,95
8441,88
8442,78
8443,65
8444,58
8445,52
8446,47
8447,40
8448,29
8449,20
8450,13
8451,7
8452,4
8453,4
8454,5
8455,5
8456,5
8457,5
8458,4
8459,4
8460,5
8461,8
8462,11
8463,13
8464,14
8465,15
8466,16
8467,18
8468,19
8469,19
8470,19
8471,18
8472,16
8473,15
8474,13
8475,12
8476,11
8477,9
8478,8
8479,7
8480,7
8481,8
8482,9
8483,11
8484,12
8485,14
8486,15
8487,16
8488,17
8489,18
8490,18
8491,19
8492,19
8493,18
8494,18
8495,18
8496,18
8497,19
8498,19
8499,20
8500,20
8501,21
8502,21
8503,21
8504,22
8505,22
8506,22
8507,22
8508,22
8509,23
8510,25
8511,28
8512,29
8513,30
8514,30
8515,31
8516,30
8517,30
8518,30
8519,30
8520,29
8521,28
8522,27
8523,26
8524,23
8525,20
8526,17
8527,14
8528,9
8529,6
8530,5
8531,6
8532,9
8533,12
8534,13
8535,13
8536,14
8537,14
8538,14
8539,15
8540,16
8541,16
8542,16
8543,16
8544,16
8545,17
8546,17
8547,18
8548,18
8549,19
8550,20
8551,21
8552,22
8553,24
8554,25
8555,26
8556,27
8557,29
8558,30
8559,32
8560,34
8561,36
8562,38
8563,40
8564,43
8565,47
8566,51
8567,55
8568,56
8569,54
8570,52
8571,48
8572,43
8573,39
8574,33
8575,26
8576,18
8577,12
8578,6
8579,1
8580,-2
8581,-5
8582,-8
8583,-11
8584,-12
8585,-13
8586,-14
8587,-15
8588,-15
8589,-15
8590,-15
8591,-15
8592,-15
8593,-15
8594,-14
8595,-14
8596,-13
8597,-12
8598,-11
8599,-14
8600,-20
8601,-27
8602,-36
8603,-36
8604,-31
8605,-16
8606,28
8607,97
8608,185
8609,279
8610,367
8611,403
8612,397
8613,332
8614,207
8615,63
8616,-51
8617,-99
8618,-115
8619,-102
8620,-62
8621,-49
8622,-44
8623,-46
8624,-58
8625,-67
8626,-75
8627,-81
8628,-83
8629,-80
8630,-74
8631,-69
8632,-66
8633,-64
8634,-62
8635,-60
8636,-57
8637,-54
8638,-51
8639,-49
8640,-46
8641,-44
8642,-41
8643,-39
8644,-37
8645,-35
8646,-34
8647,-33
8648,-31
8649,-30
8650,-27
8651,-25
8652,-22
8653,-19
8654,-16
8655,-14
8656,-12
8657,-11
8658,-9
8659,-7
8660,-5
8661,-3
8662,0
8663,3
8664,7
8665,11
8666,15
8667,18
8668,22
8669,26
8670,32
8671,41
8672,49
8673,56
8674,62
8675,69
8676,75
8677,81
8678,85
8679,88
8680,91
8681,93
8682,94
8683,95
8684,96
8685,96
8686,96
8687,95
8688,94
8689,92
8690,90
8691,87
8692,85
8693,82
8694,76
8695,69
8696,59
8697,44
8698,22
8699,6
8700,-3
8701,-11
8702,-18
8703,-23
8704,-28
8705,-32
8706,-35
8707,-37
8708,-39
8709,-40
8710,-42
8711,-43
8712,-44
8713,-46
8714,-47
8715,-45
8716,-41
8717,-38
8718,-36
8719,-34
8720,-32
8721,-31
8722,-30
8723,-31
8724,-31
8725,-32
8726,-33
8727,-34
8728,-36
8729,-38
8730,-39
8731,-41
8732,-42
8733,-42
8734,-43
8735,-45
8736,-48
8737,-47
8738,-39
8739,-31
8740,-21
8741,-12
8742,-5
8743,0
8744,3
8745,3
8746,0
8747,-4
8748,-12
8749,-24
8750,-31
8751,-34
8752,-37
8753,-38
8754,-38
8755,-35
8756,-31
8757,-28
8758,-26
8759,-24
8760,-23
8761,-21
8762,-19
8763,-17
8764,-16
8765,-15
8766,-14
8767,-14
8768,-14
8769,-14
8770,-14
8771,-15
8772,-16
8773,-17
8774,-18
8775,-18
8776,-19
8777,-20
8778,-21
8779,-22
8780,-23
8781,-26
8782,-27
8783,-25
8784,-21
8785,-19
8786,-17
8787,-15
8788,-14
8789,-12
8790,-11
8791,-10
8792,-8
8793,-7
8794,-6
8795,-6
8796,-5
8797,-3
8798,0
8799,-4
8800,-9
8801,-12
8802,-16
8803,-19
8804,-21
8805,-23
8806,-27
8807,-32
8808,-32
8809,-27
8810,-21
8811,-16
8812,-11
8813,-7
8814,-2
8815,0
8816,2
8817,5
8818,8
8819,10
8820,12
8821,12
8822,13
8823,13
8824,14
8825,15
8826,16
8827,16
8828,15
8829,14
8830,11
8831,9
8832,7
8833,5
8834,2
8835,-2
8836,-7
8837,-11
8838,-15
8839,-17
8840,-20
8841,-23
8842,-26
8843,-28
8844,-27
8845,-25
8846,-23
8847,-20
8848,-19
8849,-18
8850,-16
8851,-14
8852,-12
8853,-11
8854,-12
8855,-13
8856,-15
8857,-18
8858,-20
8859,-23
8860,-26
8861,-30
8862,-34
8863,-37
8864,-36
8865,-34
8866,-29
8867,-22
8868,1
8869,47
8870,116
8871,202
8872,296
8873,384
8874,438
8875,443
8876,412
8877,321
8878,198
8879,83
8880,-3
8881,-44
8882,-58
8883,-50
8884,-45
8885,-44
8886,-43
8887,-42
8888,-42
8889,-41
8890,-40
8891,-39
8892,-38
8893,-35
8894,-34
8895,-33
8896,-32
8897,-31
8898,-30
8899,-28
8900,-25
8901,-18
8902,-6
8903,-2
8904,0
8905,1
8906,2
8907,2
8908,0
8909,-3
8910,-7
8911,-9
8912,-12
8913,-15
8914,-18
8915,-20
8916,-21
8917,-21
8918,-20
8919,-19
8920,-17
8921,-14
8922,-9
8923,5
8924,16
8925,22
8926,26
8927,30
8928,32
8929,34
8930,36
8931,39
8932,42
8933,44
8934,42
8935,40
8936,34
8937,37
8938,54
8939,66
8940,73
8941,76
8942,80
8943,85
8944,92
8945,98
8946,104
8947,109
8948,110
8949,107
8950,104
8951,101
8952,98
8953,95
8954,91
8955,87
8956,80
8957,67
8958,48
8959,35
8960,28
8961,20
8962,12
8963,2
8964,-9
8965,-22
8966,-30
8967,-36
8968,-40
8969,-43
8970,-46
8971,-48
8972,-50
8973,-52
8974,-53
8975,-54
8976,-55
8977,-56
8978,-57
8979,-59
8980,-60
8981,-61
8982,-62
8983,-63
8984,-64
8985,-65
8986,-65
8987,-64
8988,-63
8989,-61
8990,-59
8991,-57
8992,-54
8993,-51
8994,-47
8995,-44
8996,-40
8997,-35
8998,-27
8999,-19
