'sample #','ECG '
0,7
1,6
2,5
3,3
4,2
5,1
6,-3
7,-18
8,-34
9,-45
10,-53
11,-59
12,-65
13,-69
14,-72
15,-73
16,-72
17,-67
18,-63
19,-58
20,-54
21,-50
22,-43
23,-35
24,-26
25,-12
26,10
27,91
28,268
29,490
30,709
31,855
32,869
33,797
34,578
35,321
36,105
37,-41
38,-128
39,-156
40,-166
41,-164
42,-143
43,-121
44,-97
45,-85
46,-78
47,-73
48,-69
49,-67
50,-66
51,-68
52,-72
53,-78
54,-85
55,-90
56,-96
57,-103
58,-108
59,-110
60,-109
61,-104
62,-97
63,-89
64,-81
65,-71
66,-61
67,-50
68,-39
69,-34
70,-30
71,-27
72,-25
73,-23
74,-21
75,-19
76,-18
77,-16
78,-13
79,-10
80,-8
81,-7
82,-6
83,-5
84,-4
85,-3
86,-1
87,1
88,3
89,7
90,11
91,15
92,20
93,25
94,29
95,32
96,34
97,36
98,38
99,39
100,40
101,40
102,41
103,41
104,41
105,41
106,41
107,42
108,42
109,42
110,42
111,43
112,43
113,43
114,42
115,40
116,38
117,35
118,31
119,28
120,25
121,22
122,20
123,19
124,18
125,18
126,18
127,18
128,18
129,18
130,17
131,16
132,14
133,12
134,10
135,9
136,9
137,10
138,12
139,13
140,15
141,17
142,19
143,21
144,23
145,24
146,25
147,26
148,26
149,26
150,25
151,26
152,26
153,26
154,26
155,28
156,29
157,30
158,31
159,31
160,31
161,32
162,32
163,32
164,32
165,32
166,31
167,31
168,31
169,32
170,32
171,32
172,33
173,34
174,35
175,37
176,38
177,39
178,40
179,41
180,42
181,43
182,45
183,47
184,49
185,52
186,58
187,66
188,76
189,85
190,102
191,158
192,281
193,464
194,686
195,907
196,1069
197,1120
198,1033
199,835
200,591
201,367
202,209
203,128
204,93
205,76
206,65
207,52
208,35
209,19
210,3
211,-9
212,-19
213,-32
214,-47
215,-63
216,-80
217,-95
218,-100
219,-103
220,-105
221,-107
222,-107
223,-103
224,-94
225,-84
226,-76
227,-69
228,-62
229,-56
230,-50
231,-45
232,-41
233,-38
234,-35
235,-33
236,-30
237,-28
238,-26
239,-25
240,-26
241,-29
242,-32
243,-34
244,-37
245,-39
246,-42
247,-45
248,-48
249,-51
250,-51
251,-51
252,-49
253,-48
254,-47
255,-47
256,-46
257,-45
258,-43
259,-42
260,-41
261,-40
262,-38
263,-36
264,-34
265,-32
266,-31
267,-30
268,-28
269,-27
270,-24
271,-20
272,-16
273,-10
274,-2
275,4
276,11
277,16
278,21
279,27
280,33
281,40
282,47
283,50
284,51
285,51
286,53
287,55
288,56
289,51
290,42
291,36
292,32
293,28
294,24
295,21
296,17
297,14
298,11
299,7
300,3
301,-3
302,-14
303,-21
304,-30
305,-28
306,-3
307,65
308,194
309,388
310,616
311,813
312,889
313,880
314,754
315,545
316,330
317,168
318,114
319,99
320,90
321,82
322,76
323,69
324,36
325,-2
326,-22
327,-30
328,-34
329,-38
330,-39
331,-40
332,-42
333,-44
334,-45
335,-45
336,-45
337,-45
338,-45
339,-45
340,-45
341,-45
342,-46
343,-48
344,-49
345,-51
346,-52
347,-52
348,-53
349,-53
350,-53
351,-53
352,-52
353,-51
354,-50
355,-49
356,-49
357,-48
358,-48
359,-47
360,-46
361,-45
362,-44
363,-42
364,-39
365,-32
366,-23
367,-10
368,9
369,33
370,47
371,55
372,60
373,64
374,66
375,68
376,72
377,78
378,65
379,54
380,48
381,43
382,39
383,35
384,33
385,30
386,25
387,17
388,18
389,29
390,35
391,39
392,43
393,46
394,48
395,50
396,51
397,52
398,53
399,53
400,52
401,50
402,48
403,45
404,42
405,39
406,36
407,31
408,21
409,14
410,10
411,8
412,6
413,4
414,2
415,1
416,0
417,0
418,1
419,2
420,4
421,5
422,7
423,10
424,12
425,15
426,19
427,22
428,24
429,22
430,17
431,12
432,9
433,6
434,2
435,0
436,0
437,0
438,3
439,7
440,12
441,19
442,30
443,39
444,44
445,48
446,52
447,54
448,55
449,55
450,52
451,48
452,43
453,39
454,34
455,27
456,20
457,18
458,16
459,15
460,15
461,14
462,13
463,12
464,10
465,9
466,9
467,8
468,6
469,5
470,4
471,2
472,1
473,0
474,-1
475,-3
476,-5
477,-6
478,-7
479,-5
480,-2
481,1
482,5
483,15
484,33
485,46
486,55
487,60
488,63
489,65
490,67
491,68
492,68
493,67
494,63
495,60
496,56
497,53
498,50
499,47
500,45
501,42
502,39
503,36
504,34
505,32
506,31
507,32
508,33
509,35
510,38
511,40
512,45
513,45
514,37
515,25
516,12
517,2
518,3
519,27
520,98
521,230
522,423
523,654
524,871
525,1020
526,1061
527,985
528,820
529,615
530,428
531,286
532,195
533,139
534,111
535,96
536,84
537,68
538,48
539,28
540,9
541,-8
542,-18
543,-24
544,-28
545,-33
546,-37
547,-41
548,-47
549,-56
550,-63
551,-67
552,-69
553,-71
554,-73
555,-74
556,-74
557,-74
558,-73
559,-72
560,-71
561,-68
562,-65
563,-61
564,-58
565,-55
566,-53
567,-50
568,-47
569,-44
570,-41
571,-39
572,-38
573,-37
574,-36
575,-35
576,-33
577,-31
578,-28
579,-24
580,-22
581,-26
582,-32
583,-36
584,-39
585,-42
586,-45
587,-48
588,-50
589,-53
590,-55
591,-58
592,-61
593,-65
594,-67
595,-67
596,-65
597,-61
598,-55
599,-46
600,-32
601,-20
602,-5
603,9
604,20
605,29
606,35
607,40
608,44
609,46
610,48
611,49
612,51
613,52
614,47
615,38
616,31
617,25
618,19
619,16
620,15
621,14
622,13
623,12
624,11
625,9
626,9
627,8
628,10
629,13
630,17
631,21
632,27
633,35
634,42
635,47
636,57
637,68
638,74
639,78
640,80
641,77
642,70
643,65
644,59
645,54
646,50
647,46
648,43
649,40
650,38
651,35
652,34
653,33
654,34
655,36
656,38
657,40
658,42
659,46
660,49
661,45
662,39
663,33
664,28
665,23
666,21
667,20
668,19
669,16
670,13
671,21
672,31
673,40
674,48
675,56
676,64
677,68
678,71
679,75
680,73
681,61
682,49
683,37
684,38
685,55
686,104
687,215
688,377
689,573
690,771
691,930
692,1010
693,981
694,853
695,662
696,460
697,291
698,184
699,126
700,101
701,88
702,70
703,48
704,22
705,7
706,-1
707,-6
708,-10
709,-15
710,-18
711,-22
712,-28
713,-36
714,-44
715,-48
716,-52
717,-55
718,-58
719,-58
720,-58
721,-58
722,-57
723,-57
724,-56
725,-55
726,-54
727,-53
728,-53
729,-52
730,-51
731,-50
732,-49
733,-48
734,-46
735,-45
736,-44
737,-41
738,-39
739,-44
740,-52
741,-58
742,-63
743,-67
744,-70
745,-71
746,-70
747,-67
748,-64
749,-60
750,-54
751,-45
752,-38
753,-31
754,-26
755,-20
756,-14
757,-10
758,-7
759,-4
760,-1
761,2
762,6
763,12
764,23
765,40
766,49
767,55
768,58
769,57
770,53
771,46
772,35
773,19
774,2
775,-15
776,-26
777,-32
778,-38
779,-42
780,-44
781,-43
782,-41
783,-37
784,-33
785,-30
786,-28
787,-24
788,-20
789,-14
790,-7
791,4
792,45
793,160
794,334
795,552
796,783
797,972
798,1062
799,1017
800,844
801,596
802,352
803,171
804,72
805,57
806,62
807,82
808,93
809,82
810,46
811,-1
812,-45
813,-83
814,-113
815,-129
816,-135
817,-138
818,-140
819,-143
820,-145
821,-146
822,-146
823,-145
824,-144
825,-142
826,-139
827,-137
828,-134
829,-131
830,-127
831,-122
832,-117
833,-111
834,-99
835,-82
836,-75
837,-70
838,-67
839,-65
840,-64
841,-64
842,-64
843,-65
844,-66
845,-67
846,-70
847,-73
848,-64
849,-48
850,-29
851,-15
852,-7
853,-1
854,3
855,6
856,9
857,12
858,15
859,17
860,19
861,21
862,23
863,24
864,26
865,27
866,28
867,28
868,28
869,28
870,27
871,26
872,24
873,22
874,31
875,48
876,59
877,64
878,67
879,65
880,55
881,45
882,34
883,24
884,12
885,-1
886,-9
887,-15
888,-18
889,-14
890,-7
891,-1
892,4
893,8
894,10
895,10
896,10
897,11
898,13
899,12
900,4
901,-2
902,-11
903,-21
904,-27
905,-31
906,-34
907,-36
908,-36
909,-35
910,-31
911,-26
912,-16
913,-1
914,12
915,23
916,28
917,32
918,35
919,36
920,35
921,32
922,28
923,26
924,24
925,23
926,22
927,21
928,20
929,18
930,17
931,15
932,14
933,13
934,12
935,12
936,12
937,12
938,12
939,12
940,11
941,9
942,5
943,2
944,2
945,4
946,7
947,10
948,15
949,17
950,14
951,9
952,4
953,0
954,-3
955,-5
956,-7
957,-10
958,-14
959,-16
960,-14
961,-10
962,-6
963,-2
964,0
965,-4
966,-12
967,-19
968,-25
969,-29
970,-29
971,-26
972,-21
973,-13
974,-1
975,9
976,22
977,33
978,39
979,39
980,34
981,26
982,19
983,14
984,12
985,12
986,18
987,23
988,28
989,33
990,40
991,60
992,120
993,240
994,423
995,651
996,879
997,1041
998,1083
999,991
1000,800
1001,567
1002,357
1003,207
1004,122
1005,78
1006,53
1007,38
1008,28
1009,23
1010,18
1011,13
1012,9
1013,4
1014,-3
1015,-13
1016,-24
1017,-33
1018,-37
1019,-39
1020,-41
1021,-42
1022,-43
1023,-41
1024,-37
1025,-32
1026,-28
1027,-24
1028,-21
1029,-18
1030,-18
1031,-18
1032,-20
1033,-22
1034,-24
1035,-26
1036,-28
1037,-31
1038,-34
1039,-34
1040,-32
1041,-29
1042,-25
1043,-18
1044,-9
1045,-6
1046,-4
1047,-2
1048,0
1049,1
1050,3
1051,6
1052,11
1053,4
1054,-3
1055,-8
1056,-11
1057,-11
1058,-9
1059,-7
1060,-4
1061,-10
1062,-18
1063,-24
1064,-15
1065,0
1066,12
1067,18
1068,21
1069,25
1070,29
1071,34
1072,38
1073,43
1074,48
1075,52
1076,57
1077,65
1078,75
1079,79
1080,81
1081,83
1082,84
1083,83
1084,80
1085,76
1086,68
1087,54
1088,38
1089,23
1090,16
1091,12
1092,9
1093,6
1094,4
1095,4
1096,5
1097,6
1098,6
1099,7
1100,7
1101,8
1102,9
1103,11
1104,12
1105,13
1106,14
1107,15
1108,17
1109,20
1110,24
1111,28
1112,32
1113,35
1114,39
1115,45
1116,50
1117,54
1118,57
1119,60
1120,62
1121,65
1122,67
1123,70
1124,72
1125,73
1126,73
1127,70
1128,65
1129,61
1130,56
1131,51
1132,44
1133,37
1134,31
1135,27
1136,23
1137,16
1138,7
1139,0
1140,-6
1141,-12
1142,-10
1143,0
1144,7
1145,12
1146,16
1147,21
1148,26
1149,32
1150,37
1151,42
1152,48
1153,53
1154,57
1155,58
1156,58
1157,58
1158,59
1159,59
1160,59
1161,54
1162,49
1163,47
1164,45
1165,43
1166,41
1167,40
1168,38
1169,36
1170,34
1171,31
1172,29
1173,26
1174,23
1175,14
1176,14
1177,26
1178,57
1179,152
1180,313
1181,528
1182,764
1183,971
1184,1075
1185,1076
1186,975
1187,769
1188,542
1189,350
1190,221
1191,151
1192,123
1193,114
1194,108
1195,101
1196,93
1197,78
1198,59
1199,44
1200,28
1201,12
1202,-5
1203,-18
1204,-24
1205,-29
1206,-34
1207,-38
1208,-41
1209,-43
1210,-44
1211,-45
1212,-47
1213,-49
1214,-50
1215,-52
1216,-53
1217,-54
1218,-55
1219,-56
1220,-57
1221,-58
1222,-57
1223,-55
1224,-53
1225,-51
1226,-50
1227,-49
1228,-48
1229,-47
1230,-45
1231,-43
1232,-41
1233,-40
1234,-37
1235,-32
1236,-28
1237,-25
1238,-22
1239,-19
1240,-17
1241,-15
1242,-13
1243,-10
1244,-8
1245,-7
1246,-7
1247,-7
1248,-6
1249,-4
1250,-1
1251,-10
1252,-19
1253,-28
1254,-27
1255,-16
1256,0
1257,21
1258,35
1259,44
1260,52
1261,58
1262,62
1263,66
1264,69
1265,71
1266,73
1267,73
1268,73
1269,71
1270,69
1271,66
1272,62
1273,57
1274,48
1275,33
1276,28
1277,24
1278,20
1279,18
1280,18
1281,20
1282,24
1283,27
1284,30
1285,33
1286,34
1287,31
1288,24
1289,18
1290,13
1291,7
1292,1
1293,-3
1294,-7
1295,-10
1296,-13
1297,-15
1298,-17
1299,-19
1300,-22
1301,-24
1302,-25
1303,-25
1304,-24
1305,-21
1306,-17
1307,-13
1308,-9
1309,-3
1310,4
1311,13
1312,20
1313,32
1314,47
1315,55
1316,60
1317,63
1318,66
1319,66
1320,63
1321,58
1322,53
1323,48
1324,44
1325,40
1326,37
1327,33
1328,29
1329,25
1330,21
1331,18
1332,16
1333,14
1334,12
1335,11
1336,9
1337,9
1338,8
1339,8
1340,7
1341,6
1342,4
1343,3
1344,2
1345,2
1346,2
1347,2
1348,2
1349,2
1350,1
1351,1
1352,1
1353,0
1354,-5
1355,11
1356,62
1357,161
1358,315
1359,515
1360,732
1361,925
1362,1019
1363,1016
1364,913
1365,714
1366,510
1367,353
1368,266
1369,236
1370,221
1371,201
1372,161
1373,105
1374,44
1375,-2
1376,-31
1377,-40
1378,-47
1379,-52
1380,-61
1381,-78
1382,-90
1383,-97
1384,-102
1385,-106
1386,-106
1387,-104
1388,-100
1389,-96
1390,-93
1391,-91
1392,-88
1393,-86
1394,-83
1395,-80
1396,-77
1397,-74
1398,-72
1399,-70
1400,-67
1401,-63
1402,-57
1403,-47
1404,-44
1405,-43
1406,-41
1407,-40
1408,-38
1409,-38
1410,-38
1411,-40
1412,-42
1413,-43
1414,-46
1415,-48
1416,-50
1417,-49
1418,-45
1419,-41
1420,-39
1421,-37
1422,-35
1423,-33
1424,-32
1425,-30
1426,-28
1427,-26
1428,-23
1429,-21
1430,-19
1431,-18
1432,-16
1433,-14
1434,-10
1435,-7
1436,-1
1437,10
1438,14
1439,15
1440,17
1441,18
1442,20
1443,21
1444,19
1445,14
1446,9
1447,4
1448,-1
1449,-6
1450,-6
1451,-4
1452,-1
1453,0
1454,2
1455,4
1456,5
1457,6
1458,6
1459,6
1460,5
1461,3
1462,0
1463,-3
1464,-11
1465,-26
1466,-33
1467,-37
1468,-40
1469,-42
1470,-43
1471,-43
1472,-41
1473,-39
1474,-35
1475,-32
1476,-30
1477,-27
1478,-24
1479,-21
1480,-19
1481,-18
1482,-18
1483,-19
1484,-19
1485,-20
1486,-20
1487,-21
1488,-24
1489,-25
1490,-23
1491,-16
1492,-7
1493,2
1494,10
1495,21
1496,34
1497,41
1498,45
1499,49
1500,51
1501,51
1502,49
1503,45
1504,39
1505,29
1506,15
1507,8
1508,2
1509,3
1510,10
1511,18
1512,27
1513,35
1514,44
1515,51
1516,55
1517,59
1518,56
1519,39
1520,27
1521,18
1522,12
1523,25
1524,63
1525,149
1526,287
1527,472
1528,674
1529,849
1530,961
1531,986
1532,925
1533,796
1534,625
1535,446
1536,289
1537,172
1538,94
1539,47
1540,23
1541,8
1542,-3
1543,-12
1544,-17
1545,-19
1546,-21
1547,-22
1548,-23
1549,-25
1550,-26
1551,-27
1552,-28
1553,-30
1554,-32
1555,-34
1556,-35
1557,-38
1558,-42
1559,-45
1560,-46
1561,-43
1562,-40
1563,-38
1564,-34
1565,-31
1566,-27
1567,-23
1568,-17
1569,-10
1570,-18
1571,-32
1572,-40
1573,-43
1574,-45
1575,-44
1576,-37
1577,-31
1578,-26
1579,-23
1580,-21
1581,-21
1582,-24
1583,-29
1584,-34
1585,-42
1586,-51
1587,-46
1588,-30
1589,-3
1590,25
1591,40
1592,51
1593,59
1594,70
1595,80
1596,89
1597,90
1598,84
1599,79
1600,73
1601,74
1602,84
1603,90
1604,94
1605,98
1606,101
1607,102
1608,103
1609,101
1610,99
1611,97
1612,93
1613,89
1614,83
1615,71
1616,60
1617,54
1618,50
1619,47
1620,44
1621,42
1622,39
1623,36
1624,34
1625,33
1626,32
1627,31
1628,30
1629,29
1630,28
1631,28
1632,27
1633,27
1634,26
1635,26
1636,25
1637,24
1638,23
1639,23
1640,24
1641,24
1642,25
1643,26
1644,28
1645,30
1646,33
1647,36
1648,40
1649,44
1650,68
1651,152
1652,291
1653,470
1654,658
1655,808
1656,879
1657,849
1658,728
1659,551
1660,365
1661,213
1662,112
1663,56
1664,39
1665,32
1666,32
1667,38
1668,45
1669,52
1670,46
1671,31
1672,7
1673,-16
1674,-38
1675,-52
1676,-60
1677,-63
1678,-67
1679,-69
1680,-70
1681,-69
1682,-67
1683,-63
1684,-58
1685,-49
1686,-37
1687,-32
1688,-29
1689,-27
1690,-26
1691,-26
1692,-29
1693,-34
1694,-42
1695,-53
1696,-60
1697,-65
1698,-67
1699,-65
1700,-62
1701,-59
1702,-54
1703,-55
1704,-63
1705,-70
1706,-77
1707,-80
1708,-77
1709,-71
1710,-65
1711,-57
1712,-47
1713,-35
1714,-19
1715,0
1716,10
1717,16
1718,12
1719,0
1720,-6
1721,-9
1722,-7
1723,-2
1724,4
1725,15
1726,28
1727,40
1728,52
1729,63
1730,72
1731,78
1732,77
1733,69
1734,64
1735,60
1736,57
1737,53
1738,50
1739,46
1740,44
1741,41
1742,38
1743,34
1744,32
1745,31
1746,32
1747,34
1748,38
1749,42
1750,46
1751,53
1752,57
1753,55
1754,50
1755,40
1756,31
1757,27
1758,25
1759,23
1760,24
1761,28
1762,34
1763,37
1764,39
1765,41
1766,43
1767,45
1768,47
1769,50
1770,52
1771,54
1772,55
1773,56
1774,58
1775,60
1776,64
1777,71
1778,73
1779,73
1780,74
1781,75
1782,76
1783,75
1784,72
1785,68
1786,61
1787,53
1788,50
1789,48
1790,46
1791,54
1792,63
1793,70
1794,73
1795,71
1796,66
1797,61
1798,55
1799,49
1800,44
1801,39
1802,34
1803,32
1804,34
1805,39
1806,43
1807,48
1808,51
1809,50
1810,47
1811,45
1812,42
1813,43
1814,48
1815,53
1816,57
1817,60
1818,58
1819,53
1820,46
1821,39
1822,59
1823,120
1824,273
1825,505
1826,770
1827,1003
1828,1116
1829,1116
1830,1005
1831,786
1832,539
1833,324
1834,176
1835,93
1836,50
1837,22
1838,-3
1839,-15
1840,-20
1841,-23
1842,-23
1843,-24
1844,-26
1845,-29
1846,-32
1847,-35
1848,-38
1849,-41
1850,-45
1851,-50
1852,-54
1853,-59
1854,-64
1855,-67
1856,-70
1857,-72
1858,-75
1859,-77
1860,-78
1861,-77
1862,-74
1863,-71
1864,-68
1865,-65
1866,-63
1867,-60
1868,-57
1869,-55
1870,-53
1871,-52
1872,-52
1873,-53
1874,-55
1875,-56
1876,-58
1877,-60
1878,-63
1879,-67
1880,-72
1881,-77
1882,-79
1883,-77
1884,-74
1885,-70
1886,-66
1887,-61
1888,-55
1889,-49
1890,-45
1891,-42
1892,-39
1893,-37
1894,-35
1895,-32
1896,-29
1897,-26
1898,-23
1899,-19
1900,-13
1901,-4
1902,2
1903,8
1904,18
1905,34
1906,53
1907,68
1908,75
1909,81
1910,83
1911,79
1912,70
1913,61
1914,49
1915,37
1916,21
1917,3
1918,-4
1919,-8
1920,-11
1921,-14
1922,-17
1923,-20
1924,-23
1925,-26
1926,-29
1927,-33
1928,-37
1929,-43
1930,-49
1931,-55
1932,-62
1933,-70
1934,-74
1935,-70
1936,-61
1937,-54
1938,-46
1939,-39
1940,-33
1941,-28
1942,-21
1943,-12
1944,-3
1945,3
1946,8
1947,13
1948,17
1949,21
1950,25
1951,29
1952,28
1953,16
1954,-2
1955,-14
1956,-16
1957,-17
1958,-17
1959,-18
1960,-17
1961,-14
1962,-9
1963,-2
1964,10
1965,36
1966,54
1967,65
1968,72
1969,75
1970,77
1971,79
1972,83
1973,83
1974,74
1975,49
1976,20
1977,9
1978,5
1979,1
1980,1
1981,6
1982,9
1983,10
1984,11
1985,12
1986,14
1987,17
1988,20
1989,23
1990,28
1991,32
1992,36
1993,41
1994,46
1995,50
1996,51
1997,52
1998,53
1999,57
2000,52
2001,33
2002,20
2003,14
2004,9
2005,7
2006,10
2007,16
2008,22
2009,27
2010,35
2011,44
2012,59
2013,77
2014,90
2015,99
2016,91
2017,77
2018,60
2019,49
2020,42
2021,37
2022,33
2023,29
2024,23
2025,15
2026,2
2027,-12
2028,-23
2029,-13
2030,16
2031,145
2032,354
2033,612
2034,863
2035,1046
2036,1112
2037,1049
2038,884
2039,663
2040,438
2041,266
2042,167
2043,143
2044,137
2045,131
2046,124
2047,115
2048,84
2049,45
2050,9
2051,-21
2052,-36
2053,-42
2054,-45
2055,-46
2056,-48
2057,-50
2058,-53
2059,-55
2060,-57
2061,-60
2062,-62
2063,-66
2064,-69
2065,-74
2066,-83
2067,-88
2068,-84
2069,-76
2070,-68
2071,-57
2072,-49
2073,-42
2074,-35
2075,-29
2076,-23
2077,-16
2078,-9
2079,-9
2080,-18
2081,-32
2082,-47
2083,-55
2084,-59
2085,-63
2086,-67
2087,-71
2088,-76
2089,-83
2090,-92
2091,-92
2092,-82
2093,-74
2094,-65
2095,-59
2096,-53
2097,-45
2098,-31
2099,-16
2100,-5
2101,4
2102,11
2103,17
2104,22
2105,29
2106,36
2107,40
2108,42
2109,45
2110,47
2111,50
2112,52
2113,54
2114,56
2115,57
2116,58
2117,59
2118,59
2119,58
2120,56
2121,54
2122,52
2123,49
2124,46
2125,42
2126,38
2127,35
2128,31
2129,28
2130,20
2131,13
2132,10
2133,8
2134,6
2135,4
2136,3
2137,1
2138,0
2139,0
2140,-1
2141,-1
2142,-1
2143,0
2144,1
2145,4
2146,6
2147,9
2148,11
2149,14
2150,17
2151,21
2152,25
2153,29
2154,32
2155,34
2156,37
2157,40
2158,43
2159,45
2160,45
2161,43
2162,40
2163,37
2164,33
2165,28
2166,24
2167,17
2168,10
2169,6
2170,3
2171,0
2172,-3
2173,-9
2174,-7
2175,7
2176,16
2177,23
2178,29
2179,34
2180,37
2181,38
2182,37
2183,36
2184,35
2185,33
2186,31
2187,27
2188,21
2189,20
2190,30
2191,58
2192,119
2193,231
2194,398
2195,603
2196,806
2197,958
2198,1018
2199,966
2200,821
2201,629
2202,443
2203,306
2204,225
2205,184
2206,162
2207,141
2208,119
2209,80
2210,41
2211,1
2212,-23
2213,-51
2214,-66
2215,-71
2216,-75
2217,-74
2218,-68
2219,-63
2220,-59
2221,-55
2222,-53
2223,-55
2224,-60
2225,-67
2226,-72
2227,-77
2228,-82
2229,-84
2230,-82
2231,-79
2232,-76
2233,-75
2234,-73
2235,-72
2236,-71
2237,-71
2238,-70
2239,-70
2240,-70
2241,-69
2242,-70
2243,-70
2244,-71
2245,-72
2246,-72
2247,-72
2248,-72
2249,-72
2250,-72
2251,-72
2252,-72
2253,-71
2254,-70
2255,-70
2256,-69
2257,-69
2258,-67
2259,-66
2260,-63
2261,-57
2262,-51
2263,-44
2264,-38
2265,-31
2266,-18
2267,0
2268,19
2269,41
2270,57
2271,65
2272,70
2273,73
2274,74
2275,70
2276,64
2277,57
2278,47
2279,32
2280,23
2281,20
2282,18
2283,16
2284,15
2285,13
2286,12
2287,11
2288,9
2289,8
2290,6
2291,5
2292,3
2293,2
2294,1
2295,0
2296,0
2297,-2
2298,-4
2299,-7
2300,-11
2301,-18
2302,-24
2303,-25
2304,-24
2305,-23
2306,-22
2307,-21
2308,-20
2309,-19
2310,-17
2311,-14
2312,-11
2313,-9
2314,-7
2315,-5
2316,-2
2317,-1
2318,0
2319,0
2320,0
2321,1
2322,2
2323,4
2324,5
2325,6
2326,8
2327,11
2328,13
2329,12
2330,9
2331,5
2332,3
2333,1
2334,0
2335,-2
2336,-4
2337,-5
2338,-6
2339,-10
2340,-18
2341,-15
2342,20
2343,125
2344,297
2345,518
2346,751
2347,952
2348,1058
2349,1063
2350,982
2351,791
2352,565
2353,364
2354,226
2355,171
2356,154
2357,144
2358,137
2359,131
2360,107
2361,57
2362,6
2363,-35
2364,-64
2365,-75
2366,-79
2367,-80
2368,-81
2369,-81
2370,-79
2371,-76
2372,-74
2373,-71
2374,-68
2375,-67
2376,-69
2377,-72
2378,-77
2379,-80
2380,-85
2381,-88
2382,-88
2383,-84
2384,-77
2385,-69
2386,-58
2387,-50
2388,-42
2389,-34
2390,-27
2391,-24
2392,-22
2393,-20
2394,-18
2395,-17
2396,-17
2397,-17
2398,-20
2399,-23
2400,-27
2401,-31
2402,-34
2403,-39
2404,-43
2405,-47
2406,-49
2407,-49
2408,-48
2409,-45
2410,-42
2411,-35
2412,-19
2413,-8
2414,-2
2415,2
2416,7
2417,12
2418,17
2419,22
2420,28
2421,36
2422,42
2423,47
2424,50
2425,53
2426,55
2427,57
2428,58
2429,58
2430,58
2431,57
2432,56
2433,55
2434,54
2435,53
2436,52
2437,51
2438,49
2439,46
2440,42
2441,36
2442,27
2443,12
2444,2
2445,-5
2446,-13
2447,-20
2448,-28
2449,-29
2450,-22
2451,-14
2452,-5
2453,1
2454,5
2455,8
2456,9
2457,11
2458,14
2459,16
2460,19
2461,24
2462,32
2463,44
2464,52
2465,57
2466,48
2467,36
2468,26
2469,20
2470,13
2471,2
2472,-6
2473,-13
2474,-13
2475,-6
2476,13
2477,39
2478,46
2479,47
2480,49
2481,50
2482,50
2483,47
2484,43
2485,41
2486,38
2487,35
2488,33
2489,33
2490,33
2491,34
2492,35
2493,38
2494,41
2495,34
2496,27
2497,21
2498,22
2499,35
2500,72
2501,150
2502,276
2503,446
2504,642
2505,832
2506,972
2507,1025
2508,968
2509,807
2510,589
2511,379
2512,228
2513,147
2514,127
2515,120
2516,115
2517,110
2518,93
2519,67
2520,41
2521,15
2522,0
2523,-17
2524,-33
2525,-44
2526,-52
2527,-60
2528,-69
2529,-77
2530,-81
2531,-84
2532,-86
2533,-88
2534,-87
2535,-83
2536,-76
2537,-66
2538,-50
2539,-35
2540,-24
2541,-15
2542,-9
2543,-3
2544,0
2545,0
2546,-4
2547,-9
2548,-13
2549,-16
2550,-20
2551,-23
2552,-27
2553,-30
2554,-34
2555,-38
2556,-44
2557,-51
2558,-57
2559,-59
2560,-61
2561,-63
2562,-65
2563,-66
2564,-63
2565,-55
2566,-46
2567,-35
2568,-26
2569,-19
2570,-14
2571,-10
2572,-7
2573,-2
2574,3
2575,11
2576,23
2577,31
2578,37
2579,41
2580,45
2581,48
2582,50
2583,52
2584,53
2585,55
2586,57
2587,58
2588,59
2589,59
2590,58
2591,54
2592,51
2593,47
2594,41
2595,32
2596,24
2597,17
2598,13
2599,8
2600,3
2601,-3
2602,-10
2603,-18
2604,-25
2605,-30
2606,-32
2607,-35
2608,-37
2609,-39
2610,-40
2611,-40
2612,-38
2613,-36
2614,-32
2615,-28
2616,-20
2617,-6
2618,4
2619,12
2620,20
2621,26
2622,31
2623,34
2624,35
2625,34
2626,32
2627,29
2628,27
2629,26
2630,24
2631,22
2632,20
2633,18
2634,15
2635,12
2636,9
2637,6
2638,2
2639,0
2640,1
2641,3
2642,7
2643,12
2644,22
2645,36
2646,43
2647,48
2648,50
2649,49
2650,44
2651,38
2652,25
2653,15
2654,10
2655,7
2656,6
2657,7
2658,11
2659,17
2660,23
2661,34
2662,42
2663,51
2664,59
2665,61
2666,63
2667,65
2668,64
2669,56
2670,51
2671,47
2672,44
2673,42
2674,41
2675,40
2676,39
2677,37
2678,34
2679,32
2680,32
2681,32
2682,34
2683,36
2684,37
2685,39
2686,41
2687,43
2688,47
2689,54
2690,76
2691,164
2692,310
2693,505
2694,720
2695,912
2696,1022
2697,1029
2698,957
2699,770
2700,539
2701,318
2702,152
2703,54
2704,17
2705,6
2706,0
2707,-4
2708,-9
2709,-19
2710,-34
2711,-48
2712,-58
2713,-63
2714,-66
2715,-68
2716,-69
2717,-70
2718,-71
2719,-71
2720,-72
2721,-72
2722,-73
2723,-74
2724,-75
2725,-76
2726,-77
2727,-78
2728,-78
2729,-73
2730,-69
2731,-67
2732,-63
2733,-59
2734,-55
2735,-49
2736,-36
2737,-26
2738,-24
2739,-22
2740,-21
2741,-20
2742,-21
2743,-24
2744,-29
2745,-41
2746,-64
2747,-75
2748,-83
2749,-89
2750,-81
2751,-73
2752,-65
2753,-59
2754,-53
2755,-47
2756,-41
2757,-38
2758,-40
2759,-43
2760,-47
2761,-50
2762,-49
2763,-39
2764,-25
2765,-10
2766,-2
2767,4
2768,9
2769,23
2770,46
2771,56
2772,60
2773,63
2774,65
2775,65
2776,65
2777,64
2778,60
2779,55
2780,37
2781,7
2782,-1
2783,-3
2784,-4
2785,-6
2786,-7
2787,-8
2788,-9
2789,-10
2790,-11
2791,-12
2792,-13
2793,-13
2794,-14
2795,-14
2796,-14
2797,-15
2798,-15
2799,-16
2800,-17
2801,-17
2802,-18
2803,-19
2804,-20
2805,-20
2806,-19
2807,-18
2808,-17
2809,-15
2810,-12
2811,-9
2812,-7
2813,-2
2814,5
2815,11
2816,14
2817,16
2818,18
2819,19
2820,20
2821,20
2822,19
2823,18
2824,17
2825,14
2826,12
2827,9
2828,5
2829,0
2830,-4
2831,-4
2832,0
2833,8
2834,21
2835,41
2836,60
2837,76
2838,86
2839,93
2840,97
2841,97
2842,91
2843,83
2844,79
2845,74
2846,70
2847,66
2848,62
2849,59
2850,56
2851,52
2852,48
2853,39
2854,20
2855,9
2856,4
2857,0
2858,-2
2859,-2
2860,-1
2861,1
2862,6
2863,10
2864,14
2865,17
2866,21
2867,23
2868,26
2869,28
2870,30
2871,32
2872,34
2873,35
2874,37
2875,38
2876,39
2877,40
2878,41
2879,41
2880,42
2881,42
2882,42
2883,43
2884,42
2885,42
2886,42
2887,42
2888,42
2889,43
2890,44
2891,44
2892,45
2893,45
2894,45
2895,46
2896,47
2897,48
2898,49
2899,51
2900,52
2901,53
2902,54
2903,58
2904,62
2905,64
2906,63
2907,60
2908,54
2909,44
2910,31
2911,21
2912,15
2913,29
2914,71
2915,194
2916,392
2917,645
2918,907
2919,1108
2920,1184
2921,1103
2922,888
2923,609
2924,350
2925,163
2926,61
2927,34
2928,27
2929,22
2930,17
2931,12
2932,7
2933,0
2934,-11
2935,-23
2936,-34
2937,-44
2938,-50
2939,-54
2940,-56
2941,-57
2942,-58
2943,-59
2944,-60
2945,-61
2946,-62
2947,-64
2948,-64
2949,-65
2950,-65
2951,-65
2952,-65
2953,-65
2954,-65
2955,-64
2956,-63
2957,-62
2958,-63
2959,-65
2960,-64
2961,-56
2962,-48
2963,-41
2964,-38
2965,-37
2966,-37
2967,-37
2968,-36
2969,-34
2970,-33
2971,-31
2972,-30
2973,-29
2974,-29
2975,-28
2976,-27
2977,-26
2978,-26
2979,-26
2980,-25
2981,-23
2982,-22
2983,-20
2984,-18
2985,-16
2986,-13
2987,-11
2988,-9
2989,-7
2990,-4
2991,0
2992,6
2993,21
2994,34
2995,47
2996,54
2997,58
2998,61
2999,63
3000,65
3001,64
3002,62
3003,57
3004,52
3005,47
3006,44
3007,41
3008,38
3009,35
3010,32
3011,29
3012,26
3013,23
3014,21
3015,18
3016,15
3017,12
3018,10
3019,7
3020,3
3021,-2
3022,-8
3023,-13
3024,-17
3025,-20
3026,-23
3027,-25
3028,-28
3029,-30
3030,-32
3031,-33
3032,-33
3033,-31
3034,-27
3035,-22
3036,-18
3037,-13
3038,-10
3039,-6
3040,-1
3041,2
3042,6
3043,10
3044,13
3045,15
3046,17
3047,19
3048,22
3049,24
3050,26
3051,28
3052,29
3053,31
3054,33
3055,35
3056,37
3057,38
3058,38
3059,37
3060,36
3061,35
3062,34
3063,32
3064,30
3065,27
3066,24
3067,21
3068,19
3069,15
3070,11
3071,5
3072,0
3073,-5
3074,-11
3075,-17
3076,-20
3077,-20
3078,-18
3079,-14
3080,-9
3081,-1
3082,8
3083,14
3084,17
3085,19
3086,22
3087,24
3088,25
3089,26
3090,25
3091,23
3092,20
3093,17
3094,14
3095,10
3096,5
3097,0
3098,-4
3099,-9
3100,-12
3101,-15
3102,-19
3103,-23
3104,-25
3105,-26
3106,-23
3107,-19
3108,-13
3109,-7
3110,0
3111,4
3112,0
3113,-5
3114,-9
3115,-13
3116,-17
3117,-20
3118,-20
3119,-19
3120,-15
3121,-11
3122,-7
3123,-2
3124,1
3125,6
3126,12
3127,17
3128,23
3129,30
3130,39
3131,40
3132,34
3133,15
3134,-21
3135,-37
3136,-57
3137,-21
3138,86
3139,267
3140,492
3141,716
3142,892
3143,963
3144,955
3145,844
3146,652
3147,460
3148,307
3149,197
3150,117
3151,64
3152,44
3153,36
3154,31
3155,25
3156,18
3157,10
3158,-3
3159,-23
3160,-40
3161,-52
3162,-64
3163,-71
3164,-76
3165,-79
3166,-82
3167,-83
3168,-82
3169,-78
3170,-73
3171,-67
3172,-57
3173,-42
3174,-35
3175,-30
3176,-26
3177,-23
3178,-24
3179,-30
3180,-40
3181,-49
3182,-60
3183,-70
3184,-79
3185,-89
3186,-101
3187,-105
3188,-108
3189,-111
3190,-113
3191,-108
3192,-97
3193,-87
3194,-76
3195,-63
3196,-49
3197,-41
3198,-36
3199,-31
3200,-27
3201,-24
3202,-21
3203,-19
3204,-17
3205,-15
3206,-14
3207,-12
3208,-11
3209,-10
3210,-9
3211,-7
3212,-4
3213,2
3214,9
3215,16
3216,25
3217,35
3218,47
3219,57
3220,66
3221,75
3222,82
3223,88
3224,94
3225,98
3226,99
3227,98
3228,94
3229,88
3230,79
3231,61
3232,46
3233,35
3234,26
3235,21
3236,17
3237,14
3238,12
3239,11
3240,11
3241,12
3242,14
3243,17
3244,21
3245,25
3246,32
3247,44
3248,50
3249,54
3250,58
3251,61
3252,61
3253,53
3254,42
3255,34
3256,26
3257,18
3258,15
3259,16
3260,17
3261,18
3262,19
3263,20
3264,21
3265,22
3266,24
3267,26
3268,29
3269,34
3270,40
3271,50
3272,61
3273,74
3274,95
3275,107
3276,114
3277,119
3278,122
3279,124
3280,124
3281,123
3282,120
3283,116
3284,111
3285,105
3286,99
3287,88
3288,81
3289,86
3290,98
3291,134
3292,224
3293,366
3294,554
3295,757
3296,925
3297,993
3298,986
3299,882
3300,704
3301,515
3302,359
3303,263
3304,219
3305,204
3306,193
3307,186
3308,162
3309,112
3310,52
3311,4
3312,-28
3313,-41
3314,-49
3315,-55
3316,-60
3317,-63
3318,-63
3319,-58
3320,-50
3321,-41
3322,-28
3323,-18
3324,-11
3325,-4
3326,0
3327,0
3328,-3
3329,-10
3330,-18
3331,-29
3332,-37
3333,-43
3334,-47
3335,-50
3336,-50
3337,-46
3338,-41
3339,-36
3340,-31
3341,-27
3342,-25
3343,-25
3344,-29
3345,-34
3346,-39
3347,-43
3348,-48
3349,-53
3350,-57
3351,-59
3352,-61
3353,-62
3354,-64
3355,-67
3356,-72
3357,-62
3358,-47
3359,-27
3360,-6
3361,17
3362,36
3363,48
3364,55
3365,60
3366,63
3367,66
3368,67
3369,68
3370,69
3371,69
3372,70
3373,68
3374,66
3375,61
3376,57
3377,52
3378,47
3379,42
3380,37
3381,32
3382,28
3383,24
3384,22
3385,19
3386,17
3387,14
3388,12
3389,9
3390,8
3391,6
3392,5
3393,3
3394,2
3395,0
3396,-3
3397,-6
3398,-12
3399,-22
3400,-13
3401,9
3402,81
3403,203
3404,372
3405,578
3406,778
3407,923
3408,975
3409,926
3410,792
3411,610
3412,425
3413,277
3414,183
3415,138
3416,117
3417,102
3418,85
3419,53
3420,19
3421,-13
3422,-36
3423,-52
3424,-59
3425,-64
3426,-69
3427,-74
3428,-78
3429,-82
3430,-87
3431,-93
3432,-98
3433,-98
3434,-94
3435,-87
3436,-81
3437,-73
3438,-66
3439,-61
3440,-56
3441,-51
3442,-47
3443,-47
3444,-51
3445,-55
3446,-58
3447,-62
3448,-66
3449,-67
3450,-65
3451,-61
3452,-56
3453,-51
3454,-45
3455,-39
3456,-32
3457,-29
3458,-27
3459,-25
3460,-23
3461,-21
3462,-20
3463,-19
3464,-18
3465,-16
3466,-15
3467,-13
3468,-12
3469,-10
3470,-9
3471,-8
3472,-5
3473,0
3474,10
3475,24
3476,34
3477,40
3478,44
3479,49
3480,54
3481,58
3482,63
3483,67
3484,72
3485,80
3486,85
3487,86
3488,86
3489,85
3490,85
3491,84
3492,82
3493,73
3494,49
3495,27
3496,19
3497,17
3498,15
3499,13
3500,12
3501,11
3502,11
3503,12
3504,13
3505,15
3506,17
3507,18
3508,20
3509,21
3510,21
3511,18
3512,14
3513,10
3514,4
3515,0
3516,-4
3517,-7
3518,-9
3519,-11
3520,-11
3521,-8
3522,-3
3523,1
3524,6
3525,13
3526,18
3527,21
3528,23
3529,25
3530,27
3531,28
3532,28
3533,29
3534,29
3535,29
3536,29
3537,29
3538,29
3539,28
3540,27
3541,26
3542,24
3543,23
3544,21
3545,17
3546,14
3547,13
3548,15
3549,18
3550,20
3551,23
3552,25
3553,27
3554,27
3555,26
3556,24
3557,21
3558,19
3559,17
3560,15
3561,13
3562,9
3563,6
3564,3
3565,-1
3566,-11
3567,-22
3568,-25
3569,-27
3570,-28
3571,-24
3572,-17
3573,-4
3574,7
3575,12
3576,15
3577,17
3578,16
3579,13
3580,7
3581,0
3582,-9
3583,-12
3584,-14
3585,-15
3586,-16
3587,-17
3588,-17
3589,-17
3590,-14
3591,-11
3592,-6
3593,2
3594,17
3595,24
3596,30
3597,33
3598,30
3599,24
3600,13
3601,3
3602,0
3603,-3
3604,-4
3605,-1
3606,4
3607,8
3608,12
3609,15
3610,19
3611,21
3612,24
3613,28
3614,34
3615,33
3616,21
3617,12
3618,4
3619,-1
3620,-6
3621,-9
3622,-12
3623,-17
3624,-23
3625,-22
3626,-12
3627,4
3628,17
3629,24
3630,29
3631,21
3632,14
3633,10
3634,6
3635,2
3636,-1
3637,-4
3638,-7
3639,-10
3640,-13
3641,-15
3642,-16
3643,-16
3644,-15
3645,-12
3646,-8
3647,-2
3648,6
3649,23
3650,41
3651,51
3652,55
3653,57
3654,58
3655,55
3656,48
3657,37
3658,20
3659,11
3660,6
3661,2
3662,0
3663,-2
3664,-4
3665,-6
3666,-7
3667,-8
3668,-9
3669,-11
3670,-12
3671,-11
3672,-10
3673,-7
3674,-2
3675,4
3676,27
3677,113
3678,268
3679,482
3680,727
3681,944
3682,1043
3683,1037
3684,911
3685,688
3686,461
3687,283
3688,164
3689,97
3690,66
3691,51
3692,40
3693,29
3694,21
3695,16
3696,12
3697,7
3698,-9
3699,-36
3700,-63
3701,-80
3702,-87
3703,-86
3704,-79
3705,-73
3706,-68
3707,-64
3708,-64
3709,-69
3710,-75
3711,-81
3712,-88
3713,-93
3714,-95
3715,-94
3716,-91
3717,-88
3718,-85
3719,-82
3720,-80
3721,-83
3722,-88
3723,-92
3724,-98
3725,-97
3726,-87
3727,-80
3728,-74
3729,-69
3730,-66
3731,-63
3732,-61
3733,-59
3734,-57
3735,-55
3736,-54
3737,-53
3738,-52
3739,-52
3740,-52
3741,-52
3742,-53
3743,-54
3744,-55
3745,-56
3746,-58
3747,-60
3748,-62
3749,-64
3750,-66
3751,-67
3752,-67
3753,-66
3754,-63
3755,-58
3756,-41
3757,-19
3758,6
3759,22
3760,33
3761,38
3762,42
3763,45
3764,47
3765,50
3766,52
3767,53
3768,55
3769,57
3770,60
3771,63
3772,65
3773,65
3774,62
3775,57
3776,53
3777,50
3778,47
3779,43
3780,39
3781,36
3782,33
3783,30
3784,27
3785,24
3786,21
3787,17
3788,13
3789,10
3790,9
3791,9
3792,9
3793,9
3794,9
3795,9
3796,10
3797,12
3798,12
3799,12
3800,10
3801,9
3802,7
3803,6
3804,5
3805,3
3806,3
3807,3
3808,5
3809,9
3810,14
3811,19
3812,27
3813,35
3814,43
3815,53
3816,65
3817,76
3818,82
3819,86
3820,90
3821,92
3822,93
3823,92
3824,88
3825,84
3826,78
3827,70
3828,58
3829,47
3830,39
3831,32
3832,24
3833,15
3834,5
3835,-5
3836,-6
3837,0
3838,10
3839,26
3840,37
3841,43
3842,47
3843,48
3844,47
3845,42
3846,35
3847,24
3848,6
3849,-4
3850,-11
3851,-14
3852,-14
3853,-9
3854,-1
3855,11
3856,27
3857,32
3858,34
3859,36
3860,37
3861,39
3862,40
3863,41
3864,42
3865,43
3866,44
3867,45
3868,46
3869,46
3870,47
3871,47
3872,48
3873,48
3874,48
3875,48
3876,48
3877,50
3878,53
3879,55
3880,52
3881,45
3882,36
3883,25
3884,14
3885,0
3886,-9
3887,1
3888,34
3889,141
3890,320
3891,556
3892,809
3893,1015
3894,1109
3895,1053
3896,867
3897,618
3898,376
3899,190
3900,77
3901,44
3902,35
3903,29
3904,23
3905,19
3906,15
3907,5
3908,-12
3909,-31
3910,-50
3911,-65
3912,-75
3913,-74
3914,-62
3915,-53
3916,-46
3917,-40
3918,-37
3919,-40
3920,-45
3921,-51
3922,-56
3923,-60
3924,-63
3925,-66
3926,-69
3927,-71
3928,-72
3929,-74
3930,-75
3931,-76
3932,-78
3933,-80
3934,-81
3935,-82
3936,-83
3937,-83
3938,-82
3939,-81
3940,-80
3941,-79
3942,-78
3943,-76
3944,-74
3945,-72
3946,-69
3947,-62
3948,-56
3949,-52
3950,-48
3951,-45
3952,-42
3953,-40
3954,-38
3955,-36
3956,-34
3957,-32
3958,-29
3959,-25
3960,-21
3961,-16
3962,-10
3963,-3
3964,9
3965,29
3966,42
3967,49
3968,53
3969,54
3970,55
3971,56
3972,58
3973,49
3974,38
3975,29
3976,20
3977,16
3978,13
3979,11
3980,10
3981,8
3982,6
3983,3
3984,0
3985,-2
3986,-5
3987,-8
3988,-12
3989,-16
3990,-20
3991,-28
3992,-35
3993,-37
3994,-37
3995,-38
3996,-39
3997,-41
3998,-43
3999,-44
4000,-40
4001,-32
4002,-24
4003,-18
4004,-12
4005,-7
4006,-2
4007,1
4008,2
4009,1
4010,0
4011,-3
4012,-6
4013,-9
4014,-12
4015,-16
4016,-20
4017,-23
4018,-25
4019,-24
4020,-22
4021,-19
4022,-13
4023,-2
4024,13
4025,27
4026,44
4027,75
4028,141
4029,256
4030,416
4031,598
4032,765
4033,846
4034,842
4035,738
4036,554
4037,371
4038,241
4039,205
4040,193
4041,197
4042,202
4043,192
4044,130
4045,52
4046,-13
4047,-41
4048,-52
4049,-53
4050,-46
4051,-38
4052,-31
4053,-29
4054,-35
4055,-45
4056,-50
4057,-54
4058,-58
4059,-60
4060,-62
4061,-64
4062,-64
4063,-65
4064,-64
4065,-62
4066,-60
4067,-58
4068,-55
4069,-53
4070,-51
4071,-49
4072,-47
4073,-45
4074,-43
4075,-42
4076,-41
4077,-41
4078,-41
4079,-41
4080,-41
4081,-40
4082,-40
4083,-39
4084,-39
4085,-39
4086,-38
4087,-38
4088,-37
4089,-36
4090,-34
4091,-32
4092,-30
4093,-28
4094,-25
4095,-18
4096,0
4097,19
4098,37
4099,46
4100,51
4101,55
4102,58
4103,60
4104,61
4105,60
4106,57
4107,54
4108,51
4109,48
4110,43
4111,39
4112,38
4113,42
4114,49
4115,57
4116,66
4117,73
4118,78
4119,82
4120,86
4121,90
4122,92
4123,91
4124,87
4125,84
4126,81
4127,78
4128,76
4129,73
4130,71
4131,68
4132,65
4133,62
4134,58
4135,53
4136,44
4137,40
4138,37
4139,35
4140,33
4141,32
4142,33
4143,36
4144,40
4145,45
4146,51
4147,51
4148,42
4149,29
4150,18
4151,16
4152,14
4153,12
4154,11
4155,13
4156,16
4157,22
4158,32
4159,46
4160,56
4161,62
4162,53
4163,47
4164,43
4165,40
4166,37
4167,33
4168,29
4169,25
4170,22
4171,19
4172,15
4173,10
4174,7
4175,5
4176,6
4177,7
4178,8
4179,8
4180,7
4181,7
4182,7
4183,8
4184,9
4185,9
4186,9
4187,8
4188,7
4189,7
4190,7
4191,6
4192,4
4193,2
4194,2
4195,5
4196,11
4197,18
4198,33
4199,49
4200,58
4201,60
4202,56
4203,46
4204,25
4205,2
4206,-20
4207,-39
4208,-45
4209,-34
4210,0
4211,86
4212,223
4213,409
4214,624
4215,831
4216,979
4217,1027
4218,956
4219,785
4220,578
4221,402
4222,286
4223,219
4224,177
4225,147
4226,117
4227,78
4228,32
4229,-9
4230,-42
4231,-67
4232,-82
4233,-91
4234,-97
4235,-100
4236,-102
4237,-101
4238,-99
4239,-98
4240,-97
4241,-96
4242,-95
4243,-94
4244,-93
4245,-93
4246,-93
4247,-93
4248,-93
4249,-93
4250,-93
4251,-94
4252,-95
4253,-97
4254,-98
4255,-100
4256,-101
4257,-103
4258,-107
4259,-110
4260,-110
4261,-106
4262,-98
4263,-86
4264,-70
4265,-55
4266,-42
4267,-35
4268,-30
4269,-26
4270,-26
4271,-30
4272,-37
4273,-49
4274,-61
4275,-66
4276,-69
4277,-71
4278,-67
4279,-60
4280,-54
4281,-48
4282,-42
4283,-37
4284,-31
4285,-26
4286,-22
4287,-17
4288,-13
4289,-10
4290,-7
4291,-3
4292,1
4293,5
4294,10
4295,13
4296,15
4297,17
4298,19
4299,20
4300,21
4301,21
4302,21
4303,21
4304,21
4305,20
4306,19
4307,17
4308,16
4309,14
4310,12
4311,7
4312,-4
4313,-12
4314,-16
4315,-19
4316,-21
4317,-20
4318,-18
4319,-16
4320,-14
4321,-11
4322,-8
4323,-8
4324,-12
4325,-17
4326,-23
4327,-29
4328,-32
4329,-29
4330,-25
4331,-23
4332,-23
4333,-22
4334,-21
4335,-20
4336,-18
4337,-17
4338,-15
4339,-14
4340,-12
4341,-10
4342,-8
4343,-4
4344,-1
4345,8
4346,20
4347,23
4348,25
4349,26
4350,28
4351,30
4352,33
4353,37
4354,41
4355,45
4356,45
4357,44
4358,42
4359,41
4360,40
4361,38
4362,38
4363,39
4364,43
4365,48
4366,57
4367,70
4368,79
4369,85
4370,85
4371,76
4372,67
4373,57
4374,49
4375,39
4376,26
4377,19
4378,15
4379,13
4380,11
4381,10
4382,10
4383,11
4384,14
4385,18
4386,32
4387,53
4388,71
4389,78
4390,82
4391,83
4392,83
4393,80
4394,74
4395,65
4396,49
4397,29
4398,16
4399,9
4400,4
4401,8
4402,14
4403,18
4404,19
4405,18
4406,15
4407,14
4408,22
4409,29
4410,33
4411,37
4412,42
4413,48
4414,53
4415,58
4416,64
4417,70
4418,73
4419,72
4420,68
4421,64
4422,56
4423,41
4424,23
4425,11
4426,0
4427,21
4428,83
4429,196
4430,358
4431,553
4432,752
4433,919
4434,1002
4435,1005
4436,937
4437,783
4438,603
4439,442
4440,330
4441,261
4442,217
4443,172
4444,116
4445,60
4446,14
4447,-4
4448,-10
4449,-14
4450,-19
4451,-25
4452,-35
4453,-50
4454,-62
4455,-71
4456,-75
4457,-77
4458,-78
4459,-79
4460,-79
4461,-79
4462,-80
4463,-80
4464,-79
4465,-77
4466,-74
4467,-69
4468,-64
4469,-54
4470,-39
4471,-33
4472,-29
4473,-26
4474,-24
4475,-24
4476,-26
4477,-30
4478,-36
4479,-43
4480,-51
4481,-62
4482,-68
4483,-67
4484,-64
4485,-60
4486,-55
4487,-56
4488,-63
4489,-68
4490,-72
4491,-76
4492,-78
4493,-78
4494,-77
4495,-73
4496,-68
4497,-61
4498,-48
4499,-29
4500,-18
4501,-13
4502,-9
4503,-3
4504,1
4505,5
4506,9
4507,13
4508,17
4509,21
4510,24
4511,27
4512,30
4513,33
4514,39
4515,48
4516,57
4517,65
4518,72
4519,74
4520,75
4521,75
4522,77
4523,75
4524,62
4525,47
4526,32
4527,21
4528,12
4529,2
4530,-4
4531,-9
4532,-15
4533,-17
4534,-14
4535,-6
4536,7
4537,24
4538,51
4539,88
4540,137
4541,200
4542,281
4543,374
4544,477
4545,577
4546,655
4547,677
4548,671
4549,614
4550,535
4551,439
4552,314
4553,152
4554,-40
4555,-243
4556,-427
4557,-562
4558,-616
4559,-617
4560,-562
4561,-464
4562,-356
4563,-254
4564,-169
4565,-102
4566,-54
4567,-21
4568,-12
4569,-9
4570,-7
4571,-20
4572,-37
4573,-51
4574,-58
4575,-62
4576,-66
4577,-69
4578,-68
4579,-64
4580,-55
4581,-31
4582,-4
4583,8
4584,17
4585,24
4586,33
4587,45
4588,57
4589,64
4590,68
4591,58
4592,51
4593,47
4594,44
4595,41
4596,38
4597,38
4598,38
4599,39
4600,40
4601,42
4602,45
4603,48
4604,51
4605,56
4606,63
4607,70
4608,79
4609,94
4610,116
4611,130
4612,139
4613,148
4614,155
4615,162
4616,169
4617,173
4618,176
4619,179
4620,182
4621,185
4622,186
4623,182
4624,173
4625,163
4626,152
4627,146
4628,142
4629,138
4630,133
4631,124
4632,112
4633,95
4634,82
4635,72
4636,63
4637,53
4638,39
4639,22
4640,7
4641,-3
4642,-12
4643,-20
4644,-27
4645,-33
4646,-35
4647,-33
4648,-26
4649,-7
4650,18
4651,44
4652,52
4653,56
4654,59
4655,51
4656,38
4657,24
4658,2
4659,-20
4660,-29
4661,-35
4662,-38
4663,-31
4664,-24
4665,-21
4666,-18
4667,-14
4668,-10
4669,-7
4670,-3
4671,5
4672,20
4673,28
4674,34
4675,37
4676,39
4677,38
4678,35
4679,30
4680,23
4681,11
4682,-1
4683,-5
4684,-8
4685,-11
4686,-15
4687,-20
4688,-26
4689,-34
4690,-34
4691,-27
4692,-21
4693,-15
4694,-11
4695,-8
4696,-6
4697,-4
4698,-1
4699,0
4700,-2
4701,-8
4702,-13
4703,-20
4704,-20
4705,-13
4706,-6
4707,0
4708,0
4709,-8
4710,-20
4711,-37
4712,-47
4713,-54
4714,-57
4715,-57
4716,-54
4717,-48
4718,-31
4719,-8
4720,17
4721,38
4722,46
4723,48
4724,47
4725,41
4726,24
4727,2
4728,-21
4729,-42
4730,-49
4731,-52
4732,-50
4733,-46
4734,-38
4735,-28
4736,-16
4737,-7
4738,-1
4739,2
4740,1
4741,-5
4742,-11
4743,-18
4744,-18
4745,-14
4746,-10
4747,-5
4748,-6
4749,-14
4750,-20
4751,-25
4752,-30
4753,-36
4754,-41
4755,-45
4756,-50
4757,-55
4758,-55
4759,-51
4760,-45
4761,-39
4762,-31
4763,-24
4764,-19
4765,-12
4766,-6
4767,-5
4768,-11
4769,-29
4770,-45
4771,-51
4772,-37
4773,3
4774,95
4775,235
4776,422
4777,632
4778,825
4779,958
4780,990
4781,904
4782,717
4783,482
4784,258
4785,91
4786,-8
4787,-49
4788,-63
4789,-59
4790,-52
4791,-48
4792,-59
4793,-71
4794,-80
4795,-85
4796,-88
4797,-90
4798,-92
4799,-93
4800,-94
4801,-96
4802,-99
4803,-103
4804,-107
4805,-111
4806,-116
4807,-120
4808,-120
4809,-116
4810,-109
4811,-99
4812,-84
4813,-71
4814,-60
4815,-56
4816,-53
4817,-51
4818,-49
4819,-49
4820,-51
4821,-54
4822,-59
4823,-66
4824,-79
4825,-86
4826,-90
4827,-93
4828,-96
4829,-96
4830,-96
4831,-94
4832,-92
4833,-89
4834,-87
4835,-85
4836,-83
4837,-80
4838,-77
4839,-75
4840,-75
4841,-75
4842,-75
4843,-76
4844,-77
4845,-78
4846,-79
4847,-81
4848,-83
4849,-80
4850,-72
4851,-61
4852,-45
4853,-20
4854,3
4855,11
4856,12
4857,13
4858,14
4859,14
4860,15
4861,15
4862,15
4863,16
4864,16
4865,15
4866,15
4867,14
4868,12
4869,10
4870,8
4871,5
4872,2
4873,0
4874,-1
4875,-5
4876,-8
4877,-11
4878,-13
4879,-14
4880,-15
4881,-16
4882,-17
4883,-19
4884,-21
4885,-21
4886,-16
4887,-9
4888,-5
4889,-2
4890,0
4891,2
4892,4
4893,5
4894,6
4895,7
4896,6
4897,5
4898,3
4899,1
4900,-1
4901,-4
4902,-9
4903,-12
4904,-8
4905,-1
4906,3
4907,7
4908,11
4909,13
4910,14
4911,12
4912,8
4913,3
4914,0
4915,-4
4916,-9
4917,-15
4918,-18
4919,-19
4920,-16
4921,-10
4922,-3
4923,5
4924,18
4925,19
4926,19
4927,20
4928,22
4929,22
4930,19
4931,12
4932,4
4933,-5
4934,-7
4935,-9
4936,-11
4937,0
4938,9
4939,13
4940,17
4941,20
4942,21
4943,22
4944,20
4945,17
4946,13
4947,8
4948,3
4949,0
4950,-4
4951,-9
4952,-14
4953,-17
4954,-18
4955,-18
4956,-16
4957,-13
4958,-9
4959,-3
4960,4
4961,18
4962,22
4963,24
4964,26
4965,27
4966,27
4967,24
4968,17
4969,7
4970,-5
4971,-14
4972,-19
4973,-14
4974,0
4975,30
4976,92
4977,206
4978,379
4979,592
4980,803
4981,965
4982,1042
4983,1011
4984,883
4985,691
4986,482
4987,298
4988,158
4989,68
4990,33
4991,22
4992,36
4993,56
4994,70
4995,64
4996,44
4997,-4
4998,-54
4999,-96
5000,-110
5001,-114
5002,-117
5003,-115
5004,-103
5005,-86
5006,-66
5007,-57
5008,-52
5009,-49
5010,-47
5011,-46
5012,-44
5013,-43
5014,-42
5015,-41
5016,-39
5017,-36
5018,-36
5019,-42
5020,-46
5021,-50
5022,-53
5023,-55
5024,-53
5025,-50
5026,-46
5027,-42
5028,-37
5029,-34
5030,-34
5031,-38
5032,-43
5033,-48
5034,-55
5035,-59
5036,-55
5037,-47
5038,-37
5039,-26
5040,-17
5041,-12
5042,-7
5043,-4
5044,-2
5045,-4
5046,-7
5047,-10
5048,-16
5049,-23
5050,-13
5051,1
5052,19
5053,33
5054,41
5055,49
5056,56
5057,62
5058,68
5059,72
5060,72
5061,69
5062,64
5063,61
5064,58
5065,56
5066,53
5067,49
5068,44
5069,39
5070,34
5071,30
5072,26
5073,23
5074,20
5075,18
5076,17
5077,17
5078,17
5079,18
5080,19
5081,22
5082,25
5083,28
5084,31
5085,35
5086,41
5087,47
5088,50
5089,48
5090,44
5091,39
5092,31
5093,20
5094,12
5095,7
5096,2
5097,-1
5098,-4
5099,-2
5100,1
5101,6
5102,10
5103,16
5104,20
5105,20
5106,18
5107,16
5108,16
5109,15
5110,14
5111,14
5112,13
5113,12
5114,12
5115,12
5116,12
5117,13
5118,15
5119,17
5120,21
5121,25
5122,33
5123,50
5124,62
5125,71
5126,71
5127,60
5128,48
5129,35
5130,25
5131,16
5132,7
5133,1
5134,-2
5135,-6
5136,-4
5137,7
5138,24
5139,44
5140,54
5141,58
5142,62
5143,65
5144,66
5145,67
5146,67
5147,65
5148,62
5149,59
5150,55
5151,52
5152,50
5153,46
5154,42
5155,39
5156,36
5157,35
5158,35
5159,36
5160,37
5161,38
5162,39
5163,40
5164,42
5165,44
5166,46
5167,48
5168,51
5169,54
5170,57
5171,61
5172,65
5173,69
5174,73
5175,75
5176,76
5177,77
5178,80
5179,84
5180,84
5181,74
5182,65
5183,55
5184,49
5185,44
5186,39
5187,34
5188,31
5189,31
5190,35
5191,42
5192,47
5193,54
5194,59
5195,59
5196,57
5197,53
5198,46
5199,51
5200,91
5201,187
5202,342
5203,542
5204,755
5205,930
5206,1014
5207,982
5208,844
5209,653
5210,474
5211,347
5212,275
5213,233
5214,214
5215,190
5216,161
5217,124
5218,89
5219,59
5220,40
5221,21
5222,2
5223,-16
5224,-32
5225,-40
5226,-44
5227,-47
5228,-49
5229,-51
5230,-52
5231,-54
5232,-56
5233,-58
5234,-60
5235,-62
5236,-64
5237,-67
5238,-71
5239,-75
5240,-74
5241,-68
5242,-61
5243,-52
5244,-41
5245,-29
5246,-21
5247,-14
5248,-9
5249,-7
5250,-9
5251,-14
5252,-19
5253,-22
5254,-25
5255,-28
5256,-31
5257,-34
5258,-36
5259,-36
5260,-36
5261,-36
5262,-35
5263,-34
5264,-33
5265,-32
5266,-30
5267,-28
5268,-27
5269,-25
5270,-23
5271,-20
5272,-17
5273,-14
5274,-11
5275,-9
5276,-8
5277,-6
5278,-4
5279,0
5280,5
5281,11
5282,17
5283,23
5284,29
5285,35
5286,41
5287,46
5288,51
5289,55
5290,59
5291,62
5292,66
5293,69
5294,72
5295,73
5296,73
5297,70
5298,67
5299,64
5300,61
5301,57
5302,53
5303,49
5304,44
5305,39
5306,34
5307,30
5308,24
5309,8
5310,-12
5311,-22
5312,-28
5313,-32
5314,-31
5315,-25
5316,-15
5317,0
5318,14
5319,19
5320,23
5321,9
5322,-34
5323,-64
5324,-74
5325,-58
5326,-13
5327,77
5328,219
5329,410
5330,622
5331,802
5332,889
5333,889
5334,805
5335,636
5336,447
5337,287
5338,186
5339,150
5340,139
5341,128
5342,119
5343,105
5344,80
5345,61
5346,49
5347,40
5348,32
5349,21
5350,0
5351,-17
5352,-28
5353,-37
5354,-46
5355,-59
5356,-76
5357,-90
5358,-97
5359,-83
5360,-61
5361,-39
5362,-31
5363,-26
5364,-22
5365,-18
5366,-16
5367,-16
5368,-18
5369,-21
5370,-24
5371,-26
5372,-28
5373,-30
5374,-32
5375,-35
5376,-36
5377,-37
5378,-37
5379,-38
5380,-38
5381,-39
5382,-38
5383,-36
5384,-32
5385,-29
5386,-25
5387,-22
5388,-18
5389,-14
5390,-9
5391,-2
5392,3
5393,9
5394,17
5395,30
5396,46
5397,51
5398,54
5399,57
5400,59
5401,60
5402,60
5403,57
5404,54
5405,51
5406,46
5407,40
5408,40
5409,46
5410,50
5411,52
5412,54
5413,56
5414,57
5415,57
5416,55
5417,52
5418,48
5419,43
5420,32
5421,12
5422,0
5423,-9
5424,-14
5425,-16
5426,-18
5427,-19
5428,-22
5429,-21
5430,-12
5431,-7
5432,-3
5433,0
5434,2
5435,5
5436,8
5437,11
5438,14
5439,18
5440,23
5441,29
5442,35
5443,40
5444,45
5445,53
5446,63
5447,75
5448,103
5449,150
5450,230
5451,354
5452,525
5453,724
5454,916
5455,1049
5456,1078
5457,988
5458,814
5459,620
5460,456
5461,341
5462,260
5463,189
5464,120
5465,56
5466,6
5467,-26
5468,-43
5469,-57
5470,-72
5471,-100
5472,-132
5473,-142
5474,-145
5475,-147
5476,-135
5477,-118
5478,-105
5479,-95
5480,-90
5481,-87
5482,-85
5483,-83
5484,-82
5485,-80
5486,-78
5487,-76
5488,-73
5489,-71
5490,-68
5491,-66
5492,-63
5493,-60
5494,-56
5495,-52
5496,-47
5497,-43
5498,-39
5499,-34
5500,-27
5501,-24
5502,-27
5503,-34
5504,-40
5505,-43
5506,-47
5507,-53
5508,-60
5509,-68
5510,-79
5511,-93
5512,-94
5513,-84
5514,-77
5515,-71
5516,-65
5517,-60
5518,-55
5519,-50
5520,-44
5521,-36
5522,-28
5523,-22
5524,-14
5525,-5
5526,6
5527,22
5528,38
5529,44
5530,47
5531,50
5532,52
5533,52
5534,52
5535,51
5536,49
5537,48
5538,47
5539,46
5540,46
5541,46
5542,45
5543,45
5544,44
5545,44
5546,44
5547,45
5548,45
5549,46
5550,46
5551,47
5552,47
5553,46
5554,46
5555,45
5556,44
5557,44
5558,43
5559,41
5560,39
5561,37
5562,34
5563,24
5564,12
5565,8
5566,5
5567,3
5568,5
5569,11
5570,20
5571,33
5572,47
5573,58
5574,66
5575,71
5576,71
5577,61
5578,45
5579,35
5580,32
5581,31
5582,29
5583,30
5584,34
5585,39
5586,46
5587,54
5588,63
5589,69
5590,72
5591,76
5592,79
5593,80
5594,80
5595,78
5596,75
5597,70
5598,61
5599,49
5600,45
5601,42
5602,40
5603,38
5604,36
5605,33
5606,30
5607,26
5608,18
5609,9
5610,7
5611,5
5612,4
5613,5
5614,12
5615,23
5616,35
5617,43
5618,48
5619,47
5620,41
5621,34
5622,28
5623,28
5624,36
5625,55
5626,107
5627,204
5628,359
5629,567
5630,796
5631,985
5632,1072
5633,1021
5634,849
5635,615
5636,384
5637,205
5638,101
5639,74
5640,65
5641,71
5642,79
5643,85
5644,78
5645,58
5646,33
5647,5
5648,-22
5649,-48
5650,-70
5651,-80
5652,-85
5653,-88
5654,-90
5655,-90
5656,-87
5657,-81
5658,-76
5659,-73
5660,-72
5661,-70
5662,-69
5663,-68
5664,-67
5665,-65
5666,-64
5667,-62
5668,-61
5669,-60
5670,-59
5671,-59
5672,-59
5673,-59
5674,-59
5675,-59
5676,-59
5677,-60
5678,-60
5679,-60
5680,-59
5681,-58
5682,-57
5683,-56
5684,-54
5685,-52
5686,-48
5687,-43
5688,-37
5689,-29
5690,-22
5691,-17
5692,-14
5693,-11
5694,-12
5695,-21
5696,-28
5697,-35
5698,-40
5699,-42
5700,-44
5701,-46
5702,-49
5703,-50
5704,-46
5705,-35
5706,-19
5707,0
5708,16
5709,31
5710,44
5711,60
5712,73
5713,82
5714,83
5715,76
5716,65
5717,54
5718,50
5719,49
5720,47
5721,46
5722,46
5723,44
5724,42
5725,40
5726,38
5727,35
5728,32
5729,24
5730,11
5731,4
5732,0
5733,-1
5734,-1
5735,0
5736,5
5737,21
5738,82
5739,202
5740,386
5741,611
5742,822
5743,963
5744,987
5745,880
5746,665
5747,411
5748,194
5749,67
5750,36
5751,67
5752,105
5753,117
5754,106
5755,74
5756,33
5757,0
5758,-22
5759,-37
5760,-48
5761,-57
5762,-65
5763,-71
5764,-76
5765,-80
5766,-80
5767,-76
5768,-67
5769,-52
5770,-38
5771,-33
5772,-30
5773,-28
5774,-31
5775,-38
5776,-43
5777,-49
5778,-53
5779,-53
5780,-50
5781,-44
5782,-34
5783,-19
5784,-9
5785,-3
5786,0
5787,-1
5788,-6
5789,-11
5790,-14
5791,-17
5792,-19
5793,-21
5794,-23
5795,-25
5796,-26
5797,-27
5798,-27
5799,-27
5800,-26
5801,-25
5802,-23
5803,-21
5804,-17
5805,-11
5806,2
5807,18
5808,35
5809,52
5810,70
5811,86
5812,97
5813,104
5814,109
5815,115
5816,115
5817,106
5818,92
5819,77
5820,69
5821,63
5822,60
5823,63
5824,69
5825,74
5826,80
5827,83
5828,81
5829,74
5830,65
5831,51
5832,43
5833,40
5834,38
5835,36
5836,34
5837,32
5838,30
5839,27
5840,25
5841,22
5842,19
5843,9
5844,0
5845,-3
5846,-5
5847,-4
5848,1
5849,7
5850,13
5851,17
5852,20
5853,24
5854,28
5855,28
5856,24
5857,21
5858,20
5859,18
5860,17
5861,16
5862,16
5863,19
5864,23
5865,28
5866,39
5867,55
5868,63
5869,66
5870,70
5871,74
5872,78
5873,82
5874,89
5875,114
5876,203
5877,353
5878,551
5879,759
5880,938
5881,1024
5882,1023
5883,930
5884,743
5885,524
5886,308
5887,119
5888,-19
5889,-86
5890,-97
5891,-80
5892,-44
5893,-36
5894,-34
5895,-39
5896,-56
5897,-66
5898,-69
5899,-70
5900,-71
5901,-72
5902,-72
5903,-72
5904,-70
5905,-68
5906,-66
5907,-63
5908,-61
5909,-59
5910,-56
5911,-53
5912,-52
5913,-53
5914,-55
5915,-58
5916,-62
5917,-66
5918,-72
5919,-76
5920,-74
5921,-70
5922,-63
5923,-49
5924,-36
5925,-29
5926,-24
5927,-24
5928,-26
5929,-31
5930,-38
5931,-48
5932,-53
5933,-55
5934,-57
5935,-59
5936,-60
5937,-62
5938,-64
5939,-65
5940,-68
5941,-70
5942,-73
5943,-77
5944,-84
5945,-84
5946,-77
5947,-60
5948,-36
5949,-22
5950,-8
5951,5
5952,18
5953,34
5954,45
5955,51
5956,56
5957,60
5958,63
5959,66
5960,70
5961,74
5962,76
5963,73
5964,66
5965,61
5966,57
5967,52
5968,46
5969,40
5970,28
5971,17
5972,14
5973,13
5974,12
5975,12
5976,11
5977,10
5978,10
5979,9
5980,9
5981,10
5982,11
5983,12
5984,14
5985,15
5986,17
5987,19
5988,21
5989,23
5990,25
5991,28
5992,31
5993,34
5994,37
5995,39
5996,40
5997,41
5998,41
5999,42
6000,44
6001,46
6002,40
6003,35
6004,32
6005,29
6006,26
6007,25
6008,26
6009,28
6010,30
6011,31
6012,33
6013,35
6014,37
6015,39
6016,41
6017,43
6018,45
6019,47
6020,50
6021,52
6022,56
6023,59
6024,63
6025,69
6026,74
6027,74
6028,70
6029,65
6030,60
6031,54
6032,47
6033,40
6034,28
6035,16
6036,12
6037,8
6038,8
6039,16
6040,39
6041,99
6042,206
6043,362
6044,562
6045,776
6046,955
6047,1027
6048,1018
6049,904
6050,715
6051,524
6052,366
6053,257
6054,193
6055,170
6056,162
6057,155
6058,149
6059,129
6060,94
6061,56
6062,18
6063,-17
6064,-47
6065,-69
6066,-79
6067,-85
6068,-89
6069,-89
6070,-82
6071,-77
6072,-74
6073,-71
6074,-69
6075,-67
6076,-65
6077,-63
6078,-61
6079,-59
6080,-55
6081,-53
6082,-56
6083,-62
6084,-67
6085,-71
6086,-74
6087,-78
6088,-81
6089,-84
6090,-88
6091,-93
6092,-93
6093,-83
6094,-69
6095,-57
6096,-53
6097,-50
6098,-47
6099,-42
6100,-37
6101,-32
6102,-26
6103,-26
6104,-36
6105,-45
6106,-55
6107,-55
6108,-50
6109,-46
6110,-42
6111,-39
6112,-35
6113,-31
6114,-27
6115,-18
6116,-4
6117,5
6118,12
6119,19
6120,28
6121,41
6122,55
6123,60
6124,64
6125,67
6126,69
6127,72
6128,74
6129,76
6130,79
6131,82
6132,85
6133,86
6134,85
6135,80
6136,74
6137,65
6138,48
6139,30
6140,16
6141,9
6142,5
6143,3
6144,1
6145,0
6146,-1
6147,-3
6148,-4
6149,-6
6150,-8
6151,-9
6152,-11
6153,-14
6154,-17
6155,-19
6156,-17
6157,-13
6158,-8
6159,-3
6160,4
6161,13
6162,17
6163,19
6164,22
6165,23
6166,25
6167,27
6168,28
6169,29
6170,31
6171,32
6172,33
6173,34
6174,35
6175,36
6176,37
6177,39
6178,43
6179,45
6180,45
6181,42
6182,37
6183,21
6184,0
6185,-9
6186,-20
6187,0
6188,59
6189,166
6190,326
6191,527
6192,740
6193,917
6194,986
6195,979
6196,870
6197,689
6198,492
6199,322
6200,208
6201,149
6202,133
6203,129
6204,125
6205,121
6206,116
6207,99
6208,70
6209,31
6210,-8
6211,-43
6212,-70
6213,-93
6214,-101
6215,-104
6216,-107
6217,-97
6218,-79
6219,-70
6220,-69
6221,-68
6222,-67
6223,-67
6224,-68
6225,-71
6226,-76
6227,-84
6228,-91
6229,-96
6230,-96
6231,-89
6232,-77
6233,-67
6234,-63
6235,-60
6236,-59
6237,-59
6238,-63
6239,-69
6240,-80
6241,-94
6242,-105
6243,-111
6244,-104
6245,-92
6246,-77
6247,-65
6248,-55
6249,-47
6250,-40
6251,-35
6252,-32
6253,-32
6254,-34
6255,-37
6256,-43
6257,-41
6258,-26
6259,-13
6260,-4
6261,0
6262,3
6263,7
6264,12
6265,21
6266,34
6267,47
6268,59
6269,68
6270,74
6271,79
6272,85
6273,89
6274,84
6275,70
6276,48
6277,33
6278,18
6279,5
6280,-1
6281,-5
6282,-7
6283,-9
6284,-8
6285,-5
6286,-2
6287,0
6288,3
6289,6
6290,8
6291,6
6292,4
6293,1
6294,0
6295,0
6296,0
6297,-1
6298,-2
6299,-4
6300,-5
6301,-8
6302,-10
6303,-11
6304,-13
6305,-14
6306,-16
6307,-17
6308,-19
6309,-23
6310,-30
6311,-34
6312,-31
6313,-26
6314,-18
6315,-3
6316,7
6317,13
6318,17
6319,19
6320,19
6321,17
6322,13
6323,7
6324,-3
6325,-16
6326,-21
6327,-24
6328,-23
6329,-13
6330,-7
6331,-2
6332,1
6333,5
6334,9
6335,13
6336,20
6337,29
6338,32
6339,35
6340,37
6341,37
6342,30
6343,26
6344,24
6345,22
6346,20
6347,19
6348,17
6349,17
6350,16
6351,16
6352,15
6353,15
6354,14
6355,14
6356,14
6357,12
6358,10
6359,19
6360,28
6361,36
6362,39
6363,36
6364,29
6365,20
6366,9
6367,-1
6368,-10
6369,-16
6370,-20
6371,-21
6372,-18
6373,-14
6374,-8
6375,-1
6376,-7
6377,-14
6378,-20
6379,-19
6380,-10
6381,-2
6382,4
6383,10
6384,16
6385,25
6386,39
6387,53
6388,61
6389,55
6390,45
6391,32
6392,24
6393,19
6394,15
6395,13
6396,12
6397,13
6398,15
6399,18
6400,21
6401,24
6402,28
6403,32
6404,36
6405,39
6406,43
6407,58
6408,129
6409,245
6410,410
6411,612
6412,816
6413,974
6414,1041
6415,993
6416,852
6417,662
6418,471
6419,308
6420,178
6421,86
6422,47
6423,35
6424,28
6425,25
6426,23
6427,17
6428,8
6429,3
6430,0
6431,-2
6432,-2
6433,0
6434,3
6435,6
6436,10
6437,10
6438,3
6439,-5
6440,-21
6441,-33
6442,-40
6443,-45
6444,-46
6445,-46
6446,-46
6447,-46
6448,-46
6449,-46
6450,-46
6451,-46
6452,-46
6453,-46
6454,-46
6455,-47
6456,-48
6457,-50
6458,-52
6459,-55
6460,-57
6461,-60
6462,-66
6463,-72
6464,-77
6465,-82
6466,-87
6467,-93
6468,-96
6469,-92
6470,-85
6471,-73
6472,-57
6473,-45
6474,-38
6475,-32
6476,-26
6477,-19
6478,-12
6479,-12
6480,-17
6481,-23
6482,-28
6483,-27
6484,-16
6485,-1
6486,18
6487,34
6488,46
6489,55
6490,67
6491,82
6492,100
6493,111
6494,116
6495,112
6496,97
6497,87
6498,78
6499,69
6500,60
6501,48
6502,35
6503,23
6504,17
6505,15
6506,13
6507,12
6508,10
6509,9
6510,8
6511,7
6512,6
6513,6
6514,6
6515,7
6516,8
6517,10
6518,12
6519,14
6520,16
6521,17
6522,18
6523,18
6524,19
6525,19
6526,20
6527,21
6528,22
6529,23
6530,25
6531,27
6532,30
6533,31
6534,33
6535,35
6536,36
6537,38
6538,40
6539,44
6540,53
6541,59
6542,64
6543,68
6544,71
6545,67
6546,58
6547,43
6548,24
6549,10
6550,0
6551,-7
6552,-11
6553,0
6554,37
6555,123
6556,269
6557,465
6558,675
6559,857
6560,962
6561,969
6562,902
6563,723
6564,503
6565,304
6566,172
6567,104
6568,74
6569,65
6570,60
6571,55
6572,51
6573,47
6574,42
6575,32
6576,17
6577,-6
6578,-35
6579,-54
6580,-77
6581,-90
6582,-95
6583,-99
6584,-92
6585,-79
6586,-63
6587,-52
6588,-45
6589,-40
6590,-39
6591,-40
6592,-43
6593,-47
6594,-50
6595,-54
6596,-57
6597,-60
6598,-60
6599,-59
6600,-58
6601,-57
6602,-56
6603,-55
6604,-54
6605,-54
6606,-52
6607,-50
6608,-48
6609,-46
6610,-44
6611,-42
6612,-40
6613,-36
6614,-28
6615,-11
6616,2
6617,13
6618,26
6619,34
6620,40
6621,44
6622,48
6623,53
6624,58
6625,62
6626,66
6627,69
6628,73
6629,78
6630,82
6631,85
6632,85
6633,83
6634,80
6635,76
6636,73
6637,69
6638,66
6639,62
6640,57
6641,53
6642,49
6643,44
6644,34
6645,22
6646,17
6647,14
6648,12
6649,11
6650,12
6651,16
6652,21
6653,26
6654,28
6655,31
6656,34
6657,37
6658,40
6659,41
6660,41
6661,40
6662,38
6663,35
6664,31
6665,25
6666,13
6667,-5
6668,-15
6669,-21
6670,-25
6671,-25
6672,-21
6673,-16
6674,-7
6675,6
6676,20
6677,31
6678,37
6679,41
6680,43
6681,39
6682,29
6683,18
6684,5
6685,-3
6686,-10
6687,-16
6688,-20
6689,-20
6690,-16
6691,-8
6692,2
6693,18
6694,34
6695,45
6696,49
6697,52
6698,54
6699,55
6700,52
6701,47
6702,41
6703,37
6704,35
6705,32
6706,29
6707,26
6708,23
6709,21
6710,19
6711,17
6712,16
6713,14
6714,12
6715,10
6716,9
6717,7
6718,2
6719,0
6720,0
6721,0
6722,3
6723,5
6724,7
6725,9
6726,11
6727,12
6728,13
6729,15
6730,17
6731,19
6732,20
6733,18
6734,14
6735,9
6736,5
6737,0
6738,-3
6739,-5
6740,-4
6741,0
6742,3
6743,12
6744,25
6745,31
6746,36
6747,38
6748,34
6749,26
6750,19
6751,13
6752,8
6753,6
6754,8
6755,11
6756,15
6757,19
6758,25
6759,28
6760,27
6761,24
6762,17
6763,19
6764,45
6765,120
6766,260
6767,460
6768,688
6769,892
6770,999
6771,1002
6772,911
6773,718
6774,501
6775,318
6776,200
6777,142
6778,111
6779,88
6780,61
6781,24
6782,-17
6783,-56
6784,-81
6785,-89
6786,-81
6787,-66
6788,-49
6789,-36
6790,-28
6791,-25
6792,-29
6793,-36
6794,-42
6795,-47
6796,-52
6797,-56
6798,-59
6799,-63
6800,-65
6801,-69
6802,-72
6803,-75
6804,-76
6805,-75
6806,-73
6807,-69
6808,-63
6809,-41
6810,-22
6811,-15
6812,-16
6813,-27
6814,-43
6815,-63
6816,-73
6817,-79
6818,-83
6819,-85
6820,-85
6821,-82
6822,-76
6823,-69
6824,-55
6825,-34
6826,-25
6827,-21
6828,-17
6829,-14
6830,-13
6831,-12
6832,-13
6833,-15
6834,-17
6835,-21
6836,-25
6837,-31
6838,-34
6839,-30
6840,-21
6841,-10
6842,2
6843,10
6844,21
6845,33
6846,53
6847,80
6848,106
6849,115
6850,119
6851,119
6852,115
6853,108
6854,98
6855,81
6856,63
6857,45
6858,34
6859,27
6860,23
6861,20
6862,21
6863,23
6864,27
6865,31
6866,37
6867,36
6868,25
6869,6
6870,-5
6871,-6
6872,-7
6873,-7
6874,-7
6875,-7
6876,-4
6877,0
6878,4
6879,9
6880,15
6881,20
6882,22
6883,19
6884,12
6885,5
6886,0
6887,-3
6888,-6
6889,-10
6890,-13
6891,-16
6892,-18
6893,-19
6894,-20
6895,-21
6896,-22
6897,-22
6898,-22
6899,-22
6900,-22
6901,-22
6902,-22
6903,-21
6904,-19
6905,-10
6906,1
6907,11
6908,23
6909,32
6910,37
6911,40
6912,43
6913,46
6914,49
6915,51
6916,51
6917,51
6918,49
6919,47
6920,44
6921,40
6922,35
6923,27
6924,21
6925,17
6926,14
6927,12
6928,11
6929,9
6930,7
6931,6
6932,5
6933,3
6934,2
6935,1
6936,0
6937,-1
6938,-2
6939,-3
6940,-6
6941,-9
6942,-10
6943,-8
6944,-4
6945,0
6946,1
6947,3
6948,4
6949,4
6950,4
6951,4
6952,5
6953,7
6954,9
6955,11
6956,13
6957,14
6958,16
6959,17
6960,20
6961,23
6962,28
6963,34
6964,66
6965,148
6966,278
6967,459
6968,670
6969,875
6970,1018
6971,1059
6972,982
6973,803
6974,571
6975,353
6976,197
6977,134
6978,113
6979,116
6980,122
6981,116
6982,72
6983,16
6984,-34
6985,-67
6986,-78
6987,-87
6988,-95
6989,-101
6990,-107
6991,-112
6992,-115
6993,-113
6994,-108
6995,-102
6996,-93
6997,-81
6998,-70
6999,-64
7000,-60
7001,-56
7002,-53
7003,-49
7004,-46
7005,-42
7006,-38
7007,-33
7008,-25
7009,-13
7010,-4
7011,0
7012,3
7013,6
7014,8
7015,8
7016,6
7017,3
7018,-1
7019,-7
7020,-16
7021,-29
7022,-37
7023,-44
7024,-50
7025,-55
7026,-60
7027,-65
7028,-68
7029,-70
7030,-73
7031,-76
7032,-79
7033,-81
7034,-81
7035,-80
7036,-77
7037,-73
7038,-67
7039,-61
7040,-48
7041,-25
7042,-3
7043,18
7044,40
7045,62
7046,75
7047,81
7048,87
7049,91
7050,93
7051,94
7052,92
7053,90
7054,86
7055,82
7056,78
7057,72
7058,68
7059,67
7060,67
7061,68
7062,71
7063,74
7064,67
7065,61
7066,57
7067,53
7068,49
7069,44
7070,40
7071,36
7072,33
7073,29
7074,24
7075,21
7076,17
7077,10
7078,-12
7079,-28
7080,-33
7081,-37
7082,-40
7083,-40
7084,-36
7085,-31
7086,-23
7087,-11
7088,5
7089,16
7090,23
7091,16
7092,11
7093,8
7094,4
7095,2
7096,0
7097,2
7098,5
7099,9
7100,13
7101,16
7102,19
7103,22
7104,26
7105,29
7106,31
7107,32
7108,33
7109,34
7110,36
7111,38
7112,40
7113,36
7114,29
7115,24
7116,19
7117,16
7118,13
7119,9
7120,6
7121,2
7122,-1
7123,-5
7124,-8
7125,-12
7126,-14
7127,-15
7128,-15
7129,-12
7130,-9
7131,-5
7132,1
7133,11
7134,18
7135,22
7136,25
7137,26
7138,28
7139,30
7140,31
7141,34
7142,36
7143,38
7144,40
7145,42
7146,45
7147,49
7148,57
7149,57
7150,46
7151,37
7152,28
7153,23
7154,19
7155,16
7156,12
7157,9
7158,10
7159,15
7160,22
7161,28
7162,32
7163,37
7164,40
7165,40
7166,39
7167,37
7168,33
7169,27
7170,13
7171,2
7172,-3
7173,-8
7174,-8
7175,-3
7176,3
7177,8
7178,12
7179,16
7180,19
7181,21
7182,23
7183,24
7184,26
7185,27
7186,28
7187,30
7188,31
7189,34
7190,38
7191,29
7192,2
7193,-25
7194,-26
7195,-4
7196,67
7197,191
7198,374
7199,595
7200,809
7201,963
7202,1018
7203,965
7204,816
7205,608
7206,386
7207,193
7208,62
7209,17
7210,1
7211,15
7212,29
7213,40
7214,45
7215,41
7216,30
7217,13
7218,-10
7219,-36
7220,-57
7221,-66
7222,-72
7223,-76
7224,-78
7225,-77
7226,-73
7227,-68
7228,-64
7229,-59
7230,-54
7231,-51
7232,-50
7233,-51
7234,-53
7235,-55
7236,-57
7237,-60
7238,-62
7239,-60
7240,-57
7241,-54
7242,-50
7243,-48
7244,-51
7245,-58
7246,-65
7247,-74
7248,-85
7249,-93
7250,-101
7251,-104
7252,-101
7253,-94
7254,-90
7255,-86
7256,-82
7257,-77
7258,-72
7259,-67
7260,-61
7261,-55
7262,-47
7263,-40
7264,-35
7265,-32
7266,-30
7267,-27
7268,-24
7269,-20
7270,-15
7271,-10
7272,-4
7273,7
7274,21
7275,30
7276,34
7277,38
7278,42
7279,44
7280,46
7281,48
7282,49
7283,51
7284,52
7285,52
7286,52
7287,49
7288,45
7289,41
7290,35
7291,30
7292,23
7293,15
7294,7
7295,3
7296,2
7297,1
7298,0
7299,0
7300,-1
7301,-2
7302,-3
7303,-4
7304,-3
7305,-3
7306,-2
7307,-2
7308,-1
7309,0
7310,1
7311,4
7312,7
7313,10
7314,12
7315,13
7316,14
7317,16
7318,17
7319,18
7320,19
7321,18
7322,15
7323,11
7324,7
7325,3
7326,0
7327,-3
7328,-8
7329,-13
7330,-16
7331,-17
7332,-16
7333,-14
7334,-11
7335,-9
7336,-7
7337,-5
7338,-4
7339,-2
7340,0
7341,1
7342,2
7343,4
7344,5
7345,7
7346,9
7347,11
7348,13
7349,15
7350,17
7351,19
7352,21
7353,24
7354,27
7355,34
7356,41
7357,44
7358,42
7359,37
7360,32
7361,29
7362,24
7363,19
7364,18
7365,20
7366,26
7367,32
7368,37
7369,43
7370,48
7371,51
7372,49
7373,44
7374,36
7375,9
7376,-25
7377,-55
7378,-65
7379,-46
7380,10
7381,149
7382,357
7383,609
7384,850
7385,1018
7386,1073
7387,997
7388,815
7389,574
7390,333
7391,148
7392,48
7393,32
7394,26
7395,39
7396,57
7397,70
7398,61
7399,34
7400,-2
7401,-39
7402,-76
7403,-91
7404,-99
7405,-104
7406,-103
7407,-91
7408,-76
7409,-62
7410,-56
7411,-52
7412,-48
7413,-46
7414,-49
7415,-53
7416,-55
7417,-56
7418,-58
7419,-61
7420,-62
7421,-63
7422,-64
7423,-65
7424,-65
7425,-64
7426,-62
7427,-60
7428,-57
7429,-53
7430,-49
7431,-46
7432,-43
7433,-41
7434,-39
7435,-37
7436,-35
7437,-33
7438,-32
7439,-31
7440,-30
7441,-28
7442,-27
7443,-25
7444,-23
7445,-21
7446,-21
7447,-20
7448,-19
7449,-17
7450,-14
7451,-12
7452,-10
7453,-7
7454,-4
7455,2
7456,19
7457,34
7458,43
7459,49
7460,54
7461,58
7462,61
7463,62
7464,61
7465,59
7466,56
7467,52
7468,47
7469,38
7470,29
7471,21
7472,14
7473,8
7474,5
7475,2
7476,-1
7477,-4
7478,-5
7479,-3
7480,0
7481,4
7482,1
7483,-14
7484,-29
7485,-42
7486,-50
7487,-53
7488,-55
7489,-57
7490,-48
7491,-23
7492,3
7493,28
7494,35
7495,39
7496,45
7497,51
7498,60
7499,94
7500,198
7501,359
7502,548
7503,717
7504,803
7505,804
7506,723
7507,567
7508,406
7509,287
7510,223
7511,195
7512,180
7513,158
7514,127
7515,84
7516,39
7517,0
7518,-30
7519,-56
7520,-69
7521,-76
7522,-81
7523,-85
7524,-86
7525,-85
7526,-81
7527,-77
7528,-72
7529,-64
7530,-65
7531,-75
7532,-80
7533,-82
7534,-84
7535,-86
7536,-87
7537,-89
7538,-90
7539,-92
7540,-94
7541,-96
7542,-97
7543,-99
7544,-100
7545,-101
7546,-103
7547,-106
7548,-110
7549,-116
7550,-121
7551,-128
7552,-137
7553,-148
7554,-152
7555,-158
7556,-157
7557,-138
7558,-112
7559,-85
7560,-71
7561,-59
7562,-45
7563,-32
7564,-22
7565,-13
7566,-8
7567,-5
7568,-3
7569,-2
7570,0
7571,0
7572,1
7573,3
7574,5
7575,6
7576,8
7577,9
7578,10
7579,12
7580,13
7581,16
7582,23
7583,27
7584,30
7585,33
7586,36
7587,35
7588,27
7589,18
7590,8
7591,0
7592,-9
7593,-18
7594,-30
7595,-40
7596,-50
7597,-51
7598,-46
7599,-41
7600,-37
7601,-34
7602,-34
7603,-35
7604,-37
7605,-39
7606,-40
7607,-41
7608,-38
7609,-34
7610,-31
7611,-29
7612,-28
7613,-26
7614,-23
7615,-21
7616,-17
7617,-12
7618,-2
7619,11
7620,17
7621,21
7622,24
7623,26
7624,28
7625,31
7626,35
7627,26
7628,16
7629,8
7630,5
7631,9
7632,17
7633,20
7634,23
7635,26
7636,28
7637,30
7638,31
7639,33
7640,34
7641,34
7642,35
7643,35
7644,34
7645,34
7646,33
7647,32
7648,31
7649,30
7650,29
7651,28
7652,25
7653,22
7654,19
7655,20
7656,24
7657,30
7658,35
7659,43
7660,43
7661,35
7662,11
7663,-9
7664,-16
7665,0
7666,47
7667,159
7668,333
7669,556
7670,794
7671,998
7672,1090
7673,1085
7674,971
7675,768
7676,544
7677,346
7678,208
7679,138
7680,111
7681,97
7682,76
7683,50
7684,35
7685,25
7686,20
7687,12
7688,1
7689,-4
7690,-8
7691,-12
7692,-16
7693,-19
7694,-21
7695,-21
7696,-21
7697,-21
7698,-21
7699,-22
7700,-22
7701,-22
7702,-22
7703,-21
7704,-21
7705,-21
7706,-21
7707,-21
7708,-20
7709,-19
7710,-16
7711,-12
7712,-7
7713,6
7714,19
7715,27
7716,33
7717,38
7718,45
7719,51
7720,53
7721,56
7722,59
7723,51
7724,42
7725,37
7726,33
7727,31
7728,29
7729,26
7730,23
7731,21
7732,24
7733,32
7734,46
7735,62
7736,69
7737,72
7738,74
7739,76
7740,80
7741,83
7742,87
7743,91
7744,96
7745,104
7746,110
7747,116
7748,124
7749,132
7750,134
7751,136
7752,138
7753,137
7754,129
7755,117
7756,102
7757,86
7758,72
7759,56
7760,45
7761,39
7762,36
7763,43
7764,54
7765,68
7766,83
7767,92
7768,96
7769,98
7770,99
7771,100
7772,98
7773,94
7774,88
7775,80
7776,70
7777,63
7778,56
7779,48
7780,37
7781,29
7782,23
7783,19
7784,19
7785,24
7786,29
7787,34
7788,38
7789,42
7790,45
7791,45
7792,43
7793,39
7794,34
7795,25
7796,10
7797,4
7798,0
7799,-2
7800,-4
7801,-5
7802,-4
7803,-2
7804,0
7805,4
7806,11
7807,26
7808,44
7809,59
7810,72
7811,86
7812,97
7813,105
7814,105
7815,99
7816,89
7817,76
7818,53
7819,26
7820,16
7821,13
7822,10
7823,11
7824,22
7825,38
7826,52
7827,56
7828,59
7829,61
7830,62
7831,62
7832,61
7833,58
7834,55
7835,52
7836,49
7837,46
7838,44
7839,41
7840,39
7841,39
7842,40
7843,42
7844,44
7845,47
7846,52
7847,61
7848,65
7849,67
7850,69
7851,70
7852,65
7853,57
7854,52
7855,48
7856,45
7857,41
7858,36
7859,31
7860,26
7861,21
7862,16
7863,12
7864,9
7865,7
7866,7
7867,8
7868,9
7869,11
7870,14
7871,19
7872,30
7873,38
7874,41
7875,44
7876,47
7877,48
7878,49
7879,49
7880,48
7881,46
7882,44
7883,42
7884,39
7885,36
7886,31
7887,26
7888,20
7889,13
7890,0
7891,-8
7892,-13
7893,-9
7894,20
7895,81
7896,179
7897,320
7898,501
7899,701
7900,888
7901,993
7902,995
7903,899
7904,691
7905,466
7906,284
7907,171
7908,122
7909,105
7910,97
7911,94
7912,80
7913,48
7914,9
7915,-27
7916,-63
7917,-96
7918,-122
7919,-131
7920,-134
7921,-136
7922,-135
7923,-126
7924,-113
7925,-99
7926,-94
7927,-91
7928,-88
7929,-87
7930,-86
7931,-85
7932,-86
7933,-87
7934,-88
7935,-90
7936,-91
7937,-92
7938,-94
7939,-96
7940,-97
7941,-98
7942,-98
7943,-98
7944,-98
7945,-97
7946,-97
7947,-95
7948,-92
7949,-97
7950,-101
7951,-105
7952,-108
7953,-107
7954,-103
7955,-96
7956,-88
7957,-77
7958,-75
7959,-73
7960,-71
7961,-72
7962,-78
7963,-88
7964,-98
7965,-103
7966,-107
7967,-106
7968,-98
7969,-87
7970,-71
7971,-56
7972,-45
7973,-37
7974,-27
7975,-15
7976,-7
7977,-4
7978,-1
7979,1
7980,5
7981,10
7982,15
7983,19
7984,24
7985,28
7986,32
7987,36
7988,39
7989,43
7990,48
7991,56
7992,57
7993,50
7994,27
7995,-1
7996,-19
7997,-34
7998,-44
7999,-49
8000,-51
8001,-54
8002,-57
8003,-56
8004,-43
8005,-22
8006,-4
8007,2
8008,7
8009,7
8010,2
8011,0
8012,-2
8013,-4
8014,-6
8015,-5
8016,-3
8017,1
8018,8
8019,20
8020,34
8021,41
8022,46
8023,45
8024,34
8025,25
8026,17
8027,10
8028,4
8029,-1
8030,-5
8031,-8
8032,-11
8033,-14
8034,-16
8035,-17
8036,-17
8037,-16
8038,-14
8039,-12
8040,-10
8041,-6
8042,-2
8043,4
8044,16
8045,21
8046,24
8047,26
8048,28
8049,30
8050,30
8051,30
8052,28
8053,25
8054,22
8055,19
8056,15
8057,11
8058,11
8059,16
8060,23
8061,31
8062,40
8063,45
8064,44
8065,43
8066,43
8067,43
8068,43
8069,43
8070,43
8071,42
8072,41
8073,41
8074,40
8075,38
8076,36
8077,34
8078,29
8079,15
8080,-1
8081,-15
8082,-26
8083,-33
8084,-22
8085,13
8086,81
8087,195
8088,353
8089,546
8090,745
8091,906
8092,958
8093,948
8094,846
8095,680
8096,507
8097,374
8098,291
8099,236
8100,195
8101,166
8102,137
8103,102
8104,59
8105,15
8106,-23
8107,-52
8108,-64
8109,-67
8110,-69
8111,-70
8112,-71
8113,-72
8114,-73
8115,-74
8116,-75
8117,-76
8118,-78
8119,-81
8120,-84
8121,-83
8122,-78
8123,-72
8124,-69
8125,-66
8126,-64
8127,-62
8128,-60
8129,-58
8130,-55
8131,-54
8132,-52
8133,-50
8134,-48
8135,-45
8136,-41
8137,-34
8138,-31
8139,-34
8140,-41
8141,-45
8142,-48
8143,-51
8144,-53
8145,-54
8146,-54
8147,-53
8148,-50
8149,-45
8150,-39
8151,-27
8152,-11
8153,-2
8154,4
8155,5
8156,3
8157,0
8158,-1
8159,6
8160,15
8161,23
8162,22
8163,11
8164,4
8165,-1
8166,-6
8167,-10
8168,-12
8169,-13
8170,-16
8171,-23
8172,-23
8173,-2
8174,16
8175,21
8176,25
8177,28
8178,29
8179,28
8180,24
8181,19
8182,14
8183,11
8184,8
8185,5
8186,1
8187,-2
8188,-5
8189,-9
8190,-11
8191,-13
8192,-15
8193,-17
8194,-18
8195,-20
8196,-22
8197,-23
8198,-26
8199,-29
8200,-32
8201,-35
8202,-37
8203,-39
8204,-41
8205,-43
8206,-45
8207,-47
8208,-48
8209,-51
8210,-57
8211,-61
8212,-57
8213,-49
8214,-37
8215,-17
8216,0
8217,11
8218,15
8219,18
8220,21
8221,22
8222,21
8223,17
8224,16
8225,14
8226,12
8227,11
8228,11
8229,11
8230,10
8231,10
8232,9
8233,9
8234,10
8235,11
8236,13
8237,15
8238,17
8239,20
8240,23
8241,29
8242,32
8243,26
8244,18
8245,14
8246,11
8247,8
8248,5
8249,4
8250,3
8251,4
8252,8
8253,15
8254,27
8255,45
8256,110
8257,288
8258,528
8259,782
8260,989
8261,1084
8262,1030
8263,848
8264,609
8265,390
8266,233
8267,141
8268,98
8269,83
8270,71
8271,61
8272,49
8273,35
8274,25
8275,16
8276,6
8277,-9
8278,-32
8279,-50
8280,-56
8281,-60
8282,-63
8283,-64
8284,-60
8285,-54
8286,-48
8287,-41
8288,-37
8289,-41
8290,-49
8291,-56
8292,-63
8293,-66
8294,-61
8295,-51
8296,-46
8297,-43
8298,-40
8299,-38
8300,-35
8301,-33
8302,-30
8303,-27
8304,-24
8305,-22
8306,-20
8307,-19
8308,-18
8309,-17
8310,-16
8311,-13
8312,-10
8313,-8
8314,-7
8315,-7
8316,-8
8317,-9
8318,-9
8319,-10
8320,-12
8321,-14
8322,-16
8323,-17
8324,-15
8325,-10
8326,-2
8327,11
8328,32
8329,51
8330,72
8331,91
8332,104
8333,111
8334,115
8335,118
8336,121
8337,120
8338,113
8339,101
8340,87
8341,68
8342,57
8343,50
8344,44
8345,40
8346,36
8347,34
8348,32
8349,31
8350,30
8351,29
8352,28
8353,27
8354,27
8355,26
8356,25
8357,23
8358,22
8359,20
8360,19
8361,19
8362,19
8363,18
8364,17
8365,16
8366,14
8367,12
8368,11
8369,9
8370,7
8371,6
8372,4
8373,1
8374,-1
8375,-15
8376,-30
8377,-35
8378,-37
8379,-35
8380,-29
8381,-21
8382,-8
8383,5
8384,21
8385,39
8386,53
8387,63
8388,69
8389,62
8390,50
8391,37
8392,25
8393,12
8394,0
8395,-13
8396,-22
8397,-28
8398,-31
8399,-28
8400,-20
8401,-7
8402,8
8403,22
8404,37
8405,45
8406,50
8407,54
8408,56
8409,57
8410,56
8411,52
8412,47
8413,38
8414,28
8415,23
8416,19
8417,19
8418,26
8419,31
8420,34
8421,38
8422,42
8423,46
8424,51
8425,59
8426,67
8427,59
8428,32
8429,0
8430,-10
8431,-14
8432,-17
8433,-8
8434,0
8435,5
8436,10
8437,16
8438,23
8439,32
8440,43
8441,44
8442,35
8443,23
8444,13
8445,21
8446,34
8447,50
8448,67
8449,81
8450,90
8451,97
8452,97
8453,90
8454,81
8455,74
8456,95
8457,158
8458,298
8459,501
8460,734
8461,946
8462,1055
8463,1055
8464,944
8465,728
8466,501
8467,316
8468,199
8469,139
8470,109
8471,93
8472,68
8473,38
8474,17
8475,0
8476,-9
8477,-15
8478,-20
8479,-25
8480,-30
8481,-34
8482,-37
8483,-40
8484,-42
8485,-45
8486,-47
8487,-48
8488,-47
8489,-43
8490,-39
8491,-32
8492,-23
8493,-17
8494,-14
8495,-11
8496,-9
8497,-6
8498,-5
8499,-5
8500,-6
8501,-9
8502,-13
8503,-18
8504,-22
8505,-29
8506,-33
8507,-32
8508,-29
8509,-25
8510,-21
8511,-20
8512,-24
8513,-26
8514,-28
8515,-29
8516,-31
8517,-31
8518,-30
8519,-26
8520,-21
8521,-14
8522,-1
8523,12
8524,20
8525,17
8526,5
8527,-2
8528,-2
8529,5
8530,12
8531,20
8532,23
8533,23
8534,20
8535,16
8536,21
8537,38
8538,48
8539,54
8540,58
8541,64
8542,77
8543,97
8544,109
8545,117
8546,122
8547,112
8548,94
8549,76
8550,63
8551,55
8552,46
8553,37
8554,31
8555,26
8556,22
8557,18
8558,14
8559,10
8560,7
8561,4
8562,1
8563,0
8564,-2
8565,-4
8566,-5
8567,-6
8568,-7
8569,-8
8570,-9
8571,-9
8572,-9
8573,-8
8574,-7
8575,-6
8576,-5
8577,-5
8578,-4
8579,-3
8580,-2
8581,-1
8582,0
8583,1
8584,2
8585,3
8586,5
8587,6
8588,6
8589,6
8590,5
8591,3
8592,2
8593,0
8594,0
8595,-2
8596,-4
8597,-6
8598,-7
8599,-7
8600,-7
8601,-6
8602,-5
8603,-3
8604,-1
8605,1
8606,3
8607,6
8608,8
8609,11
8610,14
8611,18
8612,25
8613,35
8614,75
8615,183
8616,346
8617,547
8618,747
8619,890
8620,936
8621,876
8622,736
8623,561
8624,400
8625,282
8626,212
8627,173
8628,160
8629,151
8630,144
8631,133
8632,113
8633,73
8634,32
8635,-5
8636,-38
8637,-60
8638,-83
8639,-104
8640,-113
8641,-118
8642,-122
8643,-125
8644,-126
8645,-123
8646,-117
8647,-110
8648,-103
8649,-96
8650,-89
8651,-82
8652,-77
8653,-75
8654,-74
8655,-73
8656,-72
8657,-70
8658,-67
8659,-75
8660,-81
8661,-85
8662,-88
8663,-90
8664,-91
8665,-90
8666,-87
8667,-83
8668,-78
8669,-72
8670,-64
8671,-55
8672,-46
8673,-37
8674,-29
8675,-23
8676,-20
8677,-18
8678,-16
8679,-12
8680,-10
8681,-16
8682,-27
8683,-35
8684,-44
8685,-50
8686,-50
8687,-45
8688,-37
8689,-28
8690,-16
8691,-10
8692,-7
8693,-5
8694,-3
8695,-1
8696,0
8697,1
8698,2
8699,2
8700,2
8701,2
8702,2
8703,1
8704,0
8705,0
8706,0
8707,0
8708,0
8709,0
8710,0
8711,-1
8712,-2
8713,-4
8714,-6
8715,-9
8716,-11
8717,-9
8718,-3
8719,2
8720,8
8721,11
8722,7
8723,0
8724,-4
8725,-9
8726,-12
8727,-15
8728,-17
8729,-19
8730,-22
8731,-25
8732,-30
8733,-30
8734,-24
8735,-6
8736,28
8737,95
8738,199
8739,336
8740,499
8741,667
8742,811
8743,886
8744,858
8745,727
8746,535
8747,343
8748,194
8749,122
8750,99
8751,104
8752,113
8753,112
8754,89
8755,45
8756,1
8757,-32
8758,-45
8759,-53
8760,-58
8761,-60
8762,-62
8763,-63
8764,-64
8765,-65
8766,-64
8767,-63
8768,-60
8769,-55
8770,-49
8771,-37
8772,-23
8773,-17
8774,-13
8775,-15
8776,-29
8777,-45
8778,-61
8779,-67
8780,-71
8781,-75
8782,-78
8783,-79
8784,-76
8785,-71
8786,-64
8787,-51
8788,-32
8789,-21
8790,-15
8791,-11
8792,-8
8793,-5
8794,-2
8795,-1
8796,0
8797,1
8798,3
8799,4
8800,4
8801,5
8802,6
8803,7
8804,8
8805,9
8806,10
8807,11
8808,11
8809,13
8810,15
8811,20
8812,30
8813,45
8814,57
8815,67
8816,74
8817,79
8818,84
8819,92
8820,100
8821,104
8822,106
8823,109
8824,109
8825,103
8826,97
8827,89
8828,81
8829,74
8830,66
8831,58
8832,54
8833,51
8834,49
8835,47
8836,45
8837,44
8838,42
8839,40
8840,39
8841,38
8842,36
8843,34
8844,32
8845,26
8846,17
8847,13
8848,11
8849,10
8850,10
8851,14
8852,20
8853,28
8854,39
8855,43
8856,47
8857,50
8858,44
8859,25
8860,4
8861,-2
8862,-2
8863,4
8864,14
8865,27
8866,41
8867,55
8868,63
8869,68
8870,72
8871,71
8872,66
8873,58
8874,45
8875,26
8876,19
8877,15
8878,12
8879,10
8880,8
8881,7
8882,6
8883,5
8884,4
8885,3
8886,3
8887,3
8888,2
8889,1
8890,0
8891,9
8892,39
8893,98
8894,210
8895,387
8896,609
8897,827
8898,990
8899,1056
8900,1004
8901,840
8902,607
8903,381
8904,224
8905,168
8906,149
8907,154
8908,164
8909,161
8910,131
8911,72
8912,6
8913,-44
8914,-70
8915,-78
8916,-82
8917,-85
8918,-88
8919,-91
8920,-93
8921,-96
8922,-99
8923,-100
8924,-100
8925,-99
8926,-96
8927,-92
8928,-85
8929,-73
8930,-64
8931,-58
8932,-59
8933,-66
8934,-72
8935,-76
8936,-80
8937,-81
8938,-82
8939,-84
8940,-85
8941,-86
8942,-88
8943,-87
8944,-79
8945,-71
8946,-64
8947,-64
8948,-75
8949,-81
8950,-85
8951,-89
8952,-92
8953,-93
8954,-93
8955,-92
8956,-89
8957,-86
8958,-83
8959,-80
8960,-76
8961,-72
8962,-68
8963,-65
8964,-62
8965,-57
8966,-47
8967,-34
8968,-22
8969,-12
8970,-4
8971,3
8972,14
8973,25
8974,32
8975,37
8976,37
8977,30
8978,25
8979,22
8980,18
8981,15
8982,13
8983,10
8984,7
8985,3
8986,-2
8987,-8
8988,-14
8989,-18
8990,-22
8991,-25
8992,-28
8993,-31
8994,-33
8995,-36
8996,-39
8997,-44
8998,-49
8999,-53
9000,-57
9001,-61
9002,-63
9003,-60
9004,-53
9005,-42
9006,-30
9007,-23
9008,-20
9009,-17
9010,-15
9011,-14
9012,-12
9013,-9
9014,-4
9015,-4
9016,-12
9017,-24
9018,-38
9019,-47
9020,-53
9021,-55
9022,-50
9023,-40
9024,-28
9025,-16
9026,-15
9027,-24
9028,-39
9029,-38
9030,2
9031,135
9032,348
9033,601
9034,825
9035,931
9036,931
9037,826
9038,636
9039,440
9040,288
9041,196
9042,138
9043,86
9044,40
9045,0
9046,-24
9047,-32
9048,-36
9049,-39
9050,-42
9051,-43
9052,-45
9053,-55
9054,-78
9055,-104
9056,-127
9057,-136
9058,-140
9059,-143
9060,-141
9061,-133
9062,-122
9063,-106
9064,-90
9065,-76
9066,-70
9067,-67
9068,-64
9069,-61
9070,-58
9071,-55
9072,-53
9073,-50
9074,-47
9075,-45
9076,-44
9077,-44
9078,-45
9079,-47
9080,-48
9081,-49
9082,-50
9083,-51
9084,-52
9085,-54
9086,-56
9087,-59
9088,-62
9089,-65
9090,-70
9091,-73
9092,-74
9093,-72
9094,-68
9095,-62
9096,-55
9097,-44
9098,-37
9099,-27
9100,-15
9101,-2
9102,11
9103,20
9104,26
9105,33
9106,42
9107,56
9108,74
9109,89
9110,99
9111,102
9112,104
9113,105
9114,106
9115,107
9116,106
9117,102
9118,97
9119,89
9120,76
9121,65
9122,54
9123,49
9124,47
9125,45
9126,44
9127,42
9128,40
9129,39
9130,38
9131,37
9132,36
9133,36
9134,35
9135,34
9136,33
9137,32
9138,31
9139,30
9140,29
9141,28
9142,27
9143,27
9144,28
9145,29
9146,31
9147,33
9148,35
9149,38
9150,42
9151,47
9152,51
9153,55
9154,59
9155,62
9156,64
9157,67
9158,70
9159,74
9160,78
9161,83
9162,88
9163,96
9164,96
9165,89
9166,81
9167,73
9168,72
9169,75
9170,77
9171,79
9172,80
9173,83
9174,85
9175,88
9176,93
9177,98
9178,90
9179,67
9180,40
9181,20
9182,14
9183,10
9184,7
9185,6
9186,5
9187,0
9188,0
9189,18
9190,38
9191,45
9192,47
9193,46
9194,45
9195,41
9196,46
9197,58
9198,64
9199,68
9200,71
9201,73
9202,76
9203,79
9204,83
9205,83
9206,77
9207,61
9208,32
9209,24
9210,21
9211,26
9212,46
9213,64
9214,78
9215,87
9216,92
9217,95
9218,98
9219,102
9220,102
9221,94
9222,84
9223,68
9224,58
9225,53
9226,49
9227,46
9228,44
9229,44
9230,44
9231,45
9232,47
9233,49
9234,52
9235,57
9236,51
9237,35
9238,13
9239,6
9240,20
9241,61
9242,171
9243,343
9244,560
9245,788
9246,984
9247,1095
9248,1102
9249,1026
9250,828
9251,580
9252,342
9253,163
9254,63
9255,37
9256,37
9257,62
9258,90
9259,99
9260,93
9261,82
9262,54
9263,26
9264,5
9265,-1
9266,-6
9267,-10
9268,-16
9269,-26
9270,-33
9271,-38
9272,-40
9273,-38
9274,-33
9275,-29
9276,-26
9277,-21
9278,-17
9279,-12
9280,-6
9281,0
9282,-7
9283,-19
9284,-29
9285,-36
9286,-40
9287,-30
9288,-22
9289,-18
9290,-14
9291,-12
9292,-10
9293,-10
9294,-11
9295,-12
9296,-15
9297,-17
9298,-20
9299,-23
9300,-27
9301,-31
9302,-34
9303,-35
9304,-36
9305,-38
9306,-41
9307,-36
9308,-21
9309,0
9310,21
9311,29
9312,33
9313,35
9314,34
9315,24
9316,16
9317,9
9318,4
9319,3
9320,6
9321,11
9322,20
9323,32
9324,45
9325,55
9326,63
9327,68
9328,67
9329,60
9330,54
9331,48
9332,45
9333,48
9334,54
9335,59
9336,63
9337,67
9338,68
9339,66
9340,62
9341,57
9342,49
9343,35
9344,27
9345,22
9346,18
9347,16
9348,15
9349,19
9350,23
9351,28
9352,31
9353,34
9354,36
9355,39
9356,41
9357,42
9358,42
9359,41
9360,39
9361,36
9362,33
9363,29
9364,25
9365,19
9366,13
9367,11
9368,12
9369,17
9370,25
9371,51
9372,84
9373,115
9374,143
9375,186
9376,271
9377,405
9378,571
9379,740
9380,863
9381,897
9382,821
9383,657
9384,467
9385,313
9386,253
9387,235
9388,224
9389,215
9390,207
9391,175
9392,112
9393,52
9394,10
9395,-8
9396,-17
9397,-22
9398,-26
9399,-32
9400,-41
9401,-58
9402,-83
9403,-94
9404,-100
9405,-104
9406,-107
9407,-109
9408,-110
9409,-110
9410,-110
9411,-109
9412,-107
9413,-105
9414,-103
9415,-99
9416,-94
9417,-85
9418,-79
9419,-75
9420,-71
9421,-67
9422,-67
9423,-72
9424,-77
9425,-82
9426,-81
9427,-73
9428,-69
9429,-66
9430,-63
9431,-61
9432,-59
9433,-56
9434,-54
9435,-51
9436,-48
9437,-44
9438,-38
9439,-26
9440,-17
9441,-8
9442,0
9443,3
9444,5
9445,8
9446,-1
9447,-11
9448,-19
9449,-23
9450,-18
9451,-9
9452,-3
9453,2
9454,7
9455,12
9456,17
9457,21
9458,27
9459,35
9460,39
9461,36
9462,30
9463,25
9464,20
9465,14
9466,9
9467,3
9468,-6
9469,-20
9470,-27
9471,-32
9472,-35
9473,-37
9474,-37
9475,-34
9476,-29
9477,-22
9478,-11
9479,1
9480,4
9481,6
9482,8
9483,9
9484,9
9485,9
9486,8
9487,5
9488,3
9489,0
9490,-2
9491,-7
9492,-11
9493,-13
9494,-11
9495,-5
9496,2
9497,16
9498,33
9499,39
9500,44
9501,47
9502,47
9503,45
9504,40
9505,32
9506,18
9507,10
9508,6
9509,3
9510,0
9511,-2
9512,-5
9513,-7
9514,-10
9515,-14
9516,-20
9517,-23
9518,-21
9519,-14
9520,-3
9521,12
9522,25
9523,34
9524,37
9525,40
9526,43
9527,43
9528,35
9529,24
9530,9
9531,1
9532,-2
9533,-5
9534,-7
9535,-8
9536,-9
9537,-8
9538,-6
9539,-2
9540,1
9541,4
9542,7
9543,9
9544,12
9545,15
9546,18
9547,21
9548,24
9549,25
9550,26
9551,27
9552,29
9553,30
9554,32
9555,37
9556,49
9557,61
9558,68
9559,59
9560,49
9561,40
9562,35
9563,33
9564,32
9565,31
9566,31
9567,30
9568,30
9569,29
9570,28
9571,26
9572,25
9573,23
9574,22
9575,20
9576,19
9577,17
9578,16
9579,14
9580,13
9581,11
9582,9
9583,8
9584,8
9585,9
9586,12
9587,15
9588,18
9589,22
9590,26
9591,30
9592,33
9593,36
9594,37
9595,39
9596,41
9597,47
9598,58
9599,65
9600,70
9601,73
9602,74
9603,72
9604,69
9605,64
9606,56
9607,44
9608,36
9609,31
9610,29
9611,31
9612,34
9613,39
9614,43
9615,29
9616,11
9617,-1
9618,-2
9619,-3
9620,-4
9621,-3
9622,2
9623,11
9624,21
9625,36
9626,61
9627,68
9628,70
9629,72
9630,71
9631,66
9632,59
9633,48
9634,30
9635,9
9636,-16
9637,-24
9638,-28
9639,-30
9640,-23
9641,-10
9642,3
9643,14
9644,28
9645,46
9646,61
9647,68
9648,72
9649,75
9650,78
9651,78
9652,77
9653,75
9654,73
9655,82
9656,136
9657,275
9658,480
9659,711
9660,917
9661,1022
9662,1022
9663,920
9664,705
9665,473
9666,285
9667,164
9668,98
9669,61
9670,45
9671,40
9672,38
9673,34
9674,31
9675,29
9676,26
9677,12
9678,-11
9679,-35
9680,-45
9681,-50
9682,-53
9683,-54
9684,-52
9685,-50
9686,-48
9687,-46
9688,-45
9689,-46
9690,-49
9691,-54
9692,-58
9693,-62
9694,-65
9695,-68
9696,-71
9697,-73
9698,-76
9699,-79
9700,-82
9701,-83
9702,-81
9703,-77
9704,-71
9705,-60
9706,-44
9707,-35
9708,-28
9709,-26
9710,-28
9711,-34
9712,-42
9713,-55
9714,-66
9715,-73
9716,-79
9717,-84
9718,-93
9719,-105
9720,-112
9721,-116
9722,-119
9723,-121
9724,-121
9725,-118
9726,-115
9727,-109
9728,-103
9729,-92
9730,-85
9731,-79
9732,-73
9733,-67
9734,-60
9735,-38
9736,-12
9737,16
9738,40
9739,52
9740,59
9741,65
9742,67
9743,64
9744,57
9745,47
9746,29
9747,19
9748,15
9749,12
9750,9
9751,7
9752,6
9753,4
9754,2
9755,0
9756,-2
9757,-3
9758,-4
9759,-4
9760,-5
9761,-7
9762,-10
9763,-13
9764,-15
9765,-17
9766,-17
9767,-16
9768,-16
9769,-15
9770,-14
9771,-11
9772,-15
9773,-18
9774,-21
9775,-19
9776,-5
9777,6
9778,16
9779,24
9780,28
9781,32
9782,38
9783,46
9784,50
9785,53
9786,54
9787,55
9788,56
9789,56
9790,56
9791,54
9792,51
9793,47
9794,42
9795,35
9796,24
9797,16
9798,12
9799,9
9800,6
9801,5
9802,4
9803,3
9804,3
9805,2
9806,2
9807,3
9808,4
9809,5
9810,7
9811,10
9812,20
9813,64
9814,143
9815,269
9816,441
9817,639
9818,825
9819,951
9820,982
9821,909
9822,748
9823,552
9824,385
9825,289
9826,270
9827,262
9828,255
9829,237
9830,183
9831,116
9832,53
9833,11
9834,-7
9835,-17
9836,-23
9837,-29
9838,-34
9839,-44
9840,-61
9841,-70
9842,-74
9843,-77
9844,-80
9845,-82
9846,-84
9847,-85
9848,-87
9849,-88
9850,-90
9851,-91
9852,-92
9853,-93
9854,-94
9855,-95
9856,-97
9857,-99
9858,-100
9859,-101
9860,-100
9861,-97
9862,-92
9863,-88
9864,-82
9865,-72
9866,-63
9867,-53
9868,-44
9869,-35
9870,-28
9871,-23
9872,-18
9873,-12
9874,-6
9875,0
9876,3
9877,5
9878,7
9879,9
9880,10
9881,12
9882,15
9883,17
9884,19
9885,21
9886,23
9887,26
9888,29
9889,36
9890,48
9891,51
9892,53
9893,56
9894,55
9895,44
9896,27
9897,14
9898,9
9899,5
9900,4
9901,5
9902,7
9903,10
9904,13
9905,3
9906,-12
9907,-25
9908,-32
9909,-36
9910,-38
9911,-37
9912,-34
9913,-27
9914,-7
9915,15
9916,41
9917,63
9918,71
9919,71
9920,65
9921,48
9922,23
9923,7
9924,-12
9925,-25
9926,-30
9927,-34
9928,-36
9929,-33
9930,-28
9931,-24
9932,-19
9933,-16
9934,-15
9935,-18
9936,-23
9937,-29
9938,-37
9939,-47
9940,-53
9941,-57
9942,-60
9943,-62
9944,-64
9945,-65
9946,-66
9947,-66
9948,-67
9949,-68
9950,-69
9951,-60
9952,-33
9953,-8
9954,5
9955,15
9956,21
9957,28
9958,36
9959,48
9960,60
9961,67
9962,72
9963,64
9964,57
9965,53
9966,49
9967,42
9968,34
9969,26
9970,21
9971,16
9972,10
9973,4
9974,1
9975,0
9976,0
9977,2
9978,3
9979,5
9980,5
9981,6
9982,9
9983,13
9984,20
9985,29
9986,38
9987,48
9988,48
9989,40
9990,28
9991,19
9992,15
9993,12
9994,16
9995,21
9996,25
9997,29
9998,33
9999,40
10000,47
10001,53
10002,58
10003,64
10004,68
10005,70
10006,69
10007,66
10008,62
10009,57
10010,48
10011,31
10012,17
10013,7
10014,7
10015,23
10016,69
10017,173
10018,336
10019,544
10020,758
10021,943
10022,1044
10023,1050
10024,976
10025,798
10026,576
10027,361
10028,194
10029,91
10030,38
10031,19
10032,14
10033,11
10034,8
10035,3
10036,0
10037,-4
10038,-11
10039,-25
10040,-46
10041,-58
10042,-66
10043,-69
10044,-64
10045,-55
10046,-41
10047,-25
10048,-15
10049,-8
10050,-2
10051,5
10052,10
10053,15
10054,19
10055,22
10056,23
10057,24
10058,25
10059,27
10060,29
10061,32
10062,23
10063,9
10064,-8
10065,-16
10066,-20
10067,-22
10068,-24
10069,-26
10070,-28
10071,-29
10072,-31
10073,-33
10074,-34
10075,-35
10076,-36
10077,-38
10078,-39
10079,-40
10080,-43
10081,-49
10082,-52
10083,-47
10084,-39
10085,-31
10086,-24
10087,-18
10088,-14
10089,-11
10090,-4
10091,9
10092,23
10093,31
10094,37
10095,42
10096,46
10097,55
10098,69
10099,82
10100,90
10101,93
10102,95
10103,97
10104,98
10105,98
10106,98
10107,91
10108,84
10109,80
10110,77
10111,75
10112,72
10113,69
10114,66
10115,63
10116,59
10117,57
10118,54
10119,52
10120,49
10121,45
10122,38
10123,25
10124,21
10125,18
10126,15
10127,13
10128,14
10129,18
10130,25
10131,38
10132,50
10133,54
10134,57
10135,58
10136,59
10137,58
10138,54
10139,49
10140,43
10141,36
10142,28
10143,19
10144,12
10145,4
10146,-1
10147,-1
10148,1
10149,8
10150,19
10151,37
10152,58
10153,79
10154,93
10155,103
10156,108
10157,106
10158,99
10159,90
10160,74
10161,55
10162,37
10163,22
10164,13
10165,36
10166,106
10167,255
10168,476
10169,726
10170,940
10171,1026
10172,1021
10173,911
10174,724
10175,534
10176,381
10177,286
10178,237
10179,200
10180,150
10181,92
10182,42
10183,22
10184,15
10185,15
10186,20
10187,24
10188,28
10189,30
10190,28
10191,22
10192,12
10193,1
10194,-13
10195,-24
10196,-33
10197,-41
10198,-49
10199,-57
10200,-61
10201,-64
10202,-67
10203,-69
10204,-70
10205,-71
10206,-72
10207,-73
10208,-73
10209,-74
10210,-74
10211,-74
10212,-74
10213,-73
10214,-71
10215,-70
10216,-69
10217,-67
10218,-65
10219,-63
10220,-60
10221,-57
10222,-50
10223,-31
10224,-11
10225,1
10226,11
10227,20
10228,27
10229,32
10230,35
10231,38
10232,40
10233,41
10234,43
10235,45
10236,47
10237,49
10238,52
10239,55
10240,58
10241,60
10242,59
10243,56
10244,54
10245,53
10246,53
10247,52
10248,51
10249,50
10250,48
10251,46
10252,44
10253,42
10254,39
10255,36
10256,33
10257,30
10258,27
10259,23
10260,18
10261,13
10262,9
10263,6
10264,2
10265,0
10266,0
10267,-2
10268,-4
10269,-6
10270,-7
10271,-8
10272,-9
10273,-10
10274,-10
10275,-11
10276,-12
10277,-12
10278,-11
10279,-11
10280,-10
10281,-10
10282,-9
10283,-8
10284,-7
10285,-5
10286,-3
10287,0
10288,1
10289,17
10290,64
10291,147
10292,275
10293,441
10294,622
10295,772
10296,841
10297,810
10298,692
10299,536
10300,396
10301,301
10302,249
10303,219
10304,190
10305,157
10306,121
10307,84
10308,49
10309,18
10310,0
10311,-10
10312,-17
10313,-25
10314,-36
10315,-56
10316,-76
10317,-83
10318,-86
10319,-88
10320,-90
10321,-92
10322,-93
10323,-94
10324,-94
10325,-94
10326,-93
10327,-92
10328,-91
10329,-90
10330,-87
10331,-84
10332,-81
10333,-77
10334,-72
10335,-64
10336,-60
10337,-64
10338,-72
10339,-78
10340,-85
10341,-88
10342,-83
10343,-76
10344,-71
10345,-67
10346,-63
10347,-60
10348,-58
10349,-58
10350,-58
10351,-58
10352,-58
10353,-59
10354,-59
10355,-61
10356,-65
10357,-54
10358,-44
10359,-37
10360,-30
10361,-22
10362,-15
10363,-9
10364,-4
10365,1
10366,7
10367,13
10368,19
10369,25
10370,29
10371,35
10372,40
10373,44
10374,46
10375,45
10376,43
10377,41
10378,38
10379,36
10380,34
10381,33
10382,32
10383,30
10384,29
10385,26
10386,24
10387,22
10388,20
10389,18
10390,16
10391,13
10392,12
10393,10
10394,7
10395,1
10396,-6
10397,-11
10398,-15
10399,-5
10400,3
10401,10
10402,15
10403,19
10404,21
10405,23
10406,26
10407,28
10408,26
10409,23
10410,21
10411,19
10412,18
10413,17
10414,16
10415,15
10416,14
10417,14
10418,13
10419,11
10420,9
10421,8
10422,9
10423,15
10424,22
10425,26
10426,29
10427,32
10428,34
10429,36
10430,38
10431,39
10432,40
10433,40
10434,38
10435,37
10436,34
10437,32
10438,29
10439,25
10440,22
10441,16
10442,11
10443,7
10444,5
10445,3
10446,0
10447,-3
10448,-6
10449,-3
10450,4
10451,13
10452,25
10453,33
10454,42
10455,50
10456,52
10457,54
10458,56
10459,50
10460,44
10461,38
10462,37
10463,43
10464,48
10465,52
10466,55
10467,53
10468,48
10469,34
10470,11
10471,-16
10472,-24
10473,-17
10474,3
10475,74
10476,190
10477,353
10478,555
10479,774
10480,967
10481,1075
10482,1052
10483,900
10484,669
10485,444
10486,288
10487,214
10488,194
10489,185
10490,172
10491,138
10492,84
10493,26
10494,-19
10495,-33
10496,-37
10497,-39
10498,-41
10499,-42
10500,-45
10501,-47
10502,-50
10503,-53
10504,-57
10505,-61
10506,-66
10507,-71
10508,-73
10509,-71
10510,-67
10511,-63
10512,-60
10513,-57
10514,-54
10515,-50
10516,-46
10517,-42
10518,-36
10519,-29
10520,-18
10521,-10
10522,-4
10523,0
10524,4
10525,6
10526,8
10527,10
10528,11
10529,8
10530,3
10531,-2
10532,-8
10533,-14
10534,-21
10535,-29
10536,-38
10537,-41
10538,-43
10539,-46
10540,-45
10541,-37
10542,-29
10543,-22
10544,-16
10545,-11
10546,-7
10547,-4
10548,-1
10549,1
10550,5
10551,9
10552,14
10553,19
10554,24
10555,29
10556,34
10557,37
10558,40
10559,46
10560,53
10561,61
10562,70
10563,79
10564,87
10565,92
10566,97
10567,100
10568,101
10569,99
10570,96
10571,90
10572,73
10573,52
10574,29
10575,14
10576,-2
10577,-15
10578,-22
10579,-26
10580,-28
10581,-30
10582,-29
10583,-25
10584,-19
10585,0
10586,45
10587,140
10588,294
10589,492
10590,696
10591,863
10592,949
10593,927
10594,795
10595,583
10596,347
10597,151
10598,37
10599,7
10600,-3
10601,6
10602,19
10603,29
10604,30
10605,23
10606,13
10607,-2
10608,-19
10609,-31
10610,-36
10611,-38
10612,-39
10613,-42
10614,-46
10615,-49
10616,-52
10617,-54
10618,-56
10619,-58
10620,-60
10621,-61
10622,-61
10623,-59
10624,-56
10625,-51
10626,-46
10627,-35
10628,-24
10629,-19
10630,-22
10631,-32
10632,-36
10633,-39
10634,-41
10635,-44
10636,-45
10637,-46
10638,-48
10639,-52
10640,-59
10641,-59
10642,-51
10643,-41
10644,-32
10645,-28
10646,-26
10647,-25
10648,-24
10649,-24
10650,-23
10651,-22
10652,-20
10653,-18
10654,-16
10655,-13
10656,-9
10657,-1
10658,13
10659,27
10660,42
10661,60
10662,76
10663,90
10664,104
10665,113
10666,119
10667,119
10668,112
10669,90
10670,63
10671,39
10672,30
10673,29
10674,28
10675,26
10676,34
10677,44
10678,52
10679,56
10680,60
10681,64
10682,57
10683,39
10684,19
10685,13
10686,10
10687,7
10688,6
10689,4
10690,-2
10691,-29
10692,-54
10693,-64
10694,-63
10695,-55
10696,-44
10697,-28
10698,-13
10699,0
10700,13
10701,29
10702,49
10703,62
10704,68
10705,71
10706,65
10707,58
10708,52
10709,53
10710,62
10711,72
10712,80
10713,75
10714,60
10715,34
10716,27
10717,22
10718,18
10719,15
10720,12
10721,8
10722,3
10723,1
10724,5
10725,14
10726,24
10727,36
10728,43
10729,48
10730,52
10731,56
10732,60
10733,64
10734,70
10735,69
10736,60
10737,45
10738,26
10739,7
10740,-3
10741,-7
10742,-10
10743,-9
10744,-1
10745,4
10746,9
10747,13
10748,15
10749,17
10750,18
10751,19
10752,21
10753,22
10754,23
10755,25
10756,26
10757,29
10758,35
10759,43
10760,48
10761,51
10762,41
10763,26
10764,8
10765,-2
10766,-7
10767,-10
10768,-12
10769,-13
10770,-12
10771,-10
10772,-7
10773,-4
10774,-2
10775,0
10776,2
10777,4
10778,6
10779,7
10780,7
10781,6
10782,5
10783,2
10784,0
10785,-5
10786,-13
10787,-18
10788,-22
10789,-26
10790,-17
10791,-2
10792,12
10793,21
10794,28
10795,27
10796,19
10797,5
10798,-3
10799,-7
10800,4
10801,70
10802,207
10803,414
10804,665
10805,905
10806,1067
10807,1099
10808,997
10809,794
10810,551
10811,336
10812,186
10813,128
10814,109
10815,112
10816,117
10817,111
10818,71
10819,16
10820,-34
10821,-71
10822,-86
10823,-91
10824,-93
10825,-95
10826,-96
10827,-98
10828,-101
10829,-103
10830,-106
10831,-110
10832,-112
10833,-109
10834,-101
10835,-89
10836,-73
10837,-63
10838,-57
10839,-55
10840,-58
10841,-65
10842,-75
10843,-93
10844,-106
10845,-114
10846,-119
10847,-121
10848,-121
10849,-121
10850,-122
10851,-122
10852,-110
10853,-101
10854,-96
10855,-92
10856,-89
10857,-87
10858,-87
10859,-87
10860,-89
10861,-91
10862,-94
10863,-101
10864,-113
10865,-121
10866,-126
10867,-129
10868,-131
10869,-132
10870,-132
10871,-130
10872,-127
10873,-122
10874,-108
10875,-84
10876,-70
10877,-60
10878,-53
10879,-47
10880,-42
10881,-33
10882,-21
10883,-9
10884,2
10885,12
10886,19
10887,25
10888,28
10889,31
10890,34
10891,35
10892,34
10893,31
10894,28
10895,24
10896,20
10897,17
10898,17
10899,21
10900,26
10901,30
10902,34
10903,38
10904,38
10905,34
10906,29
10907,19
10908,4
10909,-11
10910,-29
10911,-47
10912,-57
10913,-41
10914,6
10915,129
10916,307
10917,514
10918,703
10919,808
10920,815
10921,745
10922,579
10923,383
10924,203
10925,64
10926,-33
10927,-101
10928,-152
10929,-193
10930,-224
10931,-235
10932,-240
10933,-236
10934,-229
10935,-219
10936,-203
10937,-172
10938,-138
10939,-101
10940,-67
10941,-35
10942,-18
10943,-7
10944,0
10945,3
10946,1
10947,-1
10948,-3
10949,-5
10950,-6
10951,-7
10952,-8
10953,-8
10954,-6
10955,-3
10956,0
10957,4
10958,10
10959,21
10960,33
10961,44
10962,54
10963,60
10964,65
10965,69
10966,73
10967,76
10968,77
10969,73
10970,68
10971,63
10972,57
10973,55
10974,60
10975,71
10976,89
10977,111
10978,125
10979,133
10980,141
10981,149
10982,162
10983,181
10984,196
10985,206
10986,210
10987,209
10988,205
10989,203
10990,200
10991,197
10992,193
10993,187
10994,177
10995,159
10996,144
10997,135
10998,129
10999,126
11000,124
11001,123
11002,121
11003,117
11004,115
11005,116
11006,119
11007,123
11008,122
11009,102
11010,73
11011,46
11012,19
11013,8
11014,4
11015,1
11016,0
11017,0
11018,1
11019,7
11020,13
11021,19
11022,24
11023,29
11024,33
11025,35
11026,38
11027,40
11028,44
11029,50
11030,51
11031,43
11032,31
11033,16
11034,8
11035,4
11036,1
11037,1
11038,3
11039,7
11040,11
11041,13
11042,16
11043,18
11044,21
11045,23
11046,24
11047,23
11048,21
11049,19
11050,17
11051,15
11052,13
11053,11
11054,9
11055,7
11056,7
11057,6
11058,6
11059,5
11060,3
11061,12
11062,20
11063,24
11064,28
11065,31
11066,32
11067,32
11068,31
11069,29
11070,26
11071,23
11072,19
11073,9
11074,-4
11075,-10
11076,-13
11077,-15
11078,-16
11079,-17
11080,-18
11081,-19
11082,-19
11083,-19
11084,-18
11085,-18
11086,-17
11087,-16
11088,-15
11089,-14
11090,-13
11091,-11
11092,-9
11093,-6
11094,-2
11095,13
11096,37
11097,78
11098,149
11099,259
11100,410
11101,596
11102,787
11103,932
11104,981
11105,913
11106,745
11107,527
11108,316
11109,159
11110,68
11111,27
11112,10
11113,-7
11114,-28
11115,-51
11116,-75
11117,-102
11118,-132
11119,-161
11120,-176
11121,-180
11122,-173
11123,-152
11124,-127
11125,-113
11126,-98
11127,-82
11128,-74
11129,-71
11130,-68
11131,-66
11132,-65
11133,-63
11134,-62
11135,-60
11136,-59
11137,-58
11138,-57
11139,-56
11140,-55
11141,-55
11142,-53
11143,-49
11144,-39
11145,-32
11146,-28
11147,-26
11148,-29
11149,-39
11150,-53
11151,-70
11152,-81
11153,-88
11154,-95
11155,-102
11156,-114
11157,-124
11158,-130
11159,-130
11160,-114
11161,-92
11162,-79
11163,-73
11164,-68
11165,-65
11166,-64
11167,-65
11168,-66
11169,-69
11170,-72
11171,-76
11172,-82
11173,-82
11174,-74
11175,-69
11176,-65
11177,-61
11178,-56
11179,-52
11180,-47
11181,-39
11182,-28
11183,-20
11184,-16
11185,-12
11186,-10
11187,-8
11188,-6
11189,-4
11190,-1
11191,0
11192,3
11193,10
11194,25
11195,36
11196,42
11197,46
11198,48
11199,47
11200,44
11201,39
11202,34
11203,30
11204,26
11205,21
11206,16
11207,13
11208,9
11209,-6
11210,-35
11211,-55
11212,-62
11213,-44
11214,10
11215,130
11216,306
11217,516
11218,711
11219,814
11220,814
11221,708
11222,505
11223,304
11224,158
11225,79
11226,60
11227,54
11228,48
11229,40
11230,15
11231,-17
11232,-29
11233,-32
11234,-34
11235,-35
11236,-37
11237,-40
11238,-43
11239,-47
11240,-53
11241,-56
11242,-54
11243,-50
11244,-46
11245,-42
11246,-39
11247,-38
11248,-38
11249,-39
11250,-41
11251,-43
11252,-45
11253,-48
11254,-50
11255,-49
11256,-46
11257,-44
11258,-41
11259,-42
11260,-51
11261,-57
11262,-62
11263,-66
11264,-67
11265,-64
11266,-58
11267,-52
11268,-45
11269,-36
11270,-28
11271,-20
11272,-9
11273,1
11274,3
11275,4
11276,5
11277,5
11278,6
11279,8
11280,9
11281,12
11282,15
11283,21
11284,29
11285,39
11286,53
11287,71
11288,83
11289,89
11290,94
11291,97
11292,99
11293,100
11294,101
11295,103
11296,105
11297,98
11298,86
11299,73
11300,63
11301,55
11302,47
11303,40
11304,34
11305,32
11306,35
11307,41
11308,47
11309,54
11310,54
11311,47
11312,35
11313,21
11314,12
11315,8
11316,4
11317,2
11318,1
11319,0
11320,-3
11321,-3
11322,5
11323,13
11324,20
11325,24
11326,22
11327,17
11328,9
11329,-3
11330,-19
11331,-27
11332,-32
11333,-29
11334,-15
11335,-3
11336,7
11337,19
11338,33
11339,47
11340,58
11341,66
11342,68
11343,65
11344,58
11345,53
11346,49
11347,45
11348,41
11349,37
11350,32
11351,22
11352,9
11353,4
11354,1
11355,0
11356,-2
11357,-2
11358,-3
11359,-3
11360,-3
11361,-3
11362,-2
11363,-2
11364,-1
11365,0
11366,0
11367,2
11368,5
11369,7
11370,6
11371,3
11372,-2
11373,-13
11374,-21
11375,-24
11376,-26
11377,-26
11378,-19
11379,-11
11380,-2
11381,5
11382,15
11383,28
11384,37
11385,43
11386,46
11387,44
11388,40
11389,38
11390,36
11391,35
11392,34
11393,32
11394,30
11395,29
11396,27
11397,25
11398,22
11399,17
11400,0
11401,-26
11402,-39
11403,-53
11404,-53
11405,-29
11406,42
11407,166
11408,350
11409,581
11410,810
11411,983
11412,1049
11413,990
11414,825
11415,609
11416,396
11417,231
11418,130
11419,82
11420,53
11421,26
11422,-2
11423,-28
11424,-53
11425,-66
11426,-74
11427,-79
11428,-79
11429,-70
11430,-61
11431,-50
11432,-42
11433,-34
11434,-26
11435,-23
11436,-20
11437,-17
11438,-29
11439,-40
11440,-47
11441,-54
11442,-59
11443,-64
11444,-71
11445,-79
11446,-81
11447,-85
11448,-81
11449,-66
11450,-57
11451,-52
11452,-46
11453,-40
11454,-34
11455,-29
11456,-24
11457,-24
11458,-31
11459,-40
11460,-52
11461,-63
11462,-75
11463,-88
11464,-104
11465,-115
11466,-120
11467,-125
11468,-128
11469,-130
11470,-130
11471,-128
11472,-125
11473,-121
11474,-116
11475,-105
11476,-86
11477,-73
11478,-65
11479,-58
11480,-52
11481,-42
11482,-28
11483,-18
11484,-9
11485,0
11486,8
11487,16
11488,24
11489,28
11490,30
11491,33
11492,35
11493,36
11494,37
11495,37
11496,37
11497,37
11498,35
11499,33
11500,31
11501,28
11502,24
11503,19
11504,12
11505,5
11506,0
11507,-6
11508,-14
11509,-25
11510,-38
11511,-55
11512,-77
11513,-93
11514,-105
11515,-106
11516,-100
11517,-83
11518,-53
11519,-18
11520,10
11521,19
11522,11
11523,-13
11524,-54
11525,-55
11526,-20
11527,122
11528,346
11529,608
11530,842
11531,948
11532,941
11533,801
11534,556
11535,310
11536,128
11537,61
11538,39
11539,53
11540,69
11541,82
11542,83
11543,72
11544,43
11545,14
11546,-1
11547,-10
11548,-15
11549,-17
11550,-21
11551,-25
11552,-29
11553,-34
11554,-38
11555,-43
11556,-49
11557,-56
11558,-64
11559,-78
11560,-95
11561,-106
11562,-113
11563,-113
11564,-103
11565,-93
11566,-84
11567,-76
11568,-69
11569,-59
11570,-48
11571,-45
11572,-43
11573,-41
11574,-40
11575,-39
11576,-40
11577,-42
11578,-44
11579,-45
11580,-47
11581,-49
11582,-50
11583,-48
11584,-42
11585,-25
11586,0
11587,29
11588,49
11589,63
11590,70
11591,75
11592,81
11593,86
11594,91
11595,96
11596,103
11597,113
11598,118
11599,120
11600,121
11601,122
11602,122
11603,122
11604,122
11605,122
11606,120
11607,116
11608,110
11609,101
11610,83
11611,67
11612,56
11613,47
11614,41
11615,36
11616,32
11617,31
11618,32
11619,36
11620,40
11621,47
11622,55
11623,45
11624,34
11625,26
11626,21
11627,19
11628,18
11629,16
11630,15
11631,14
11632,15
11633,16
11634,20
11635,25
11636,34
11637,50
11638,59
11639,65
11640,69
11641,69
11642,65
11643,58
11644,54
11645,49
11646,45
11647,42
11648,42
11649,43
11650,46
11651,49
11652,52
11653,57
11654,60
11655,62
11656,60
11657,56
11658,53
11659,50
11660,48
11661,46
11662,43
11663,40
11664,36
11665,32
11666,28
11667,24
11668,20
11669,15
11670,11
11671,8
11672,6
11673,3
11674,0
11675,-6
11676,-6
11677,0
11678,4
11679,8
11680,12
11681,15
11682,16
11683,17
11684,18
11685,20
11686,24
11687,24
11688,20
11689,17
11690,14
11691,11
11692,10
11693,9
11694,9
11695,10
11696,10
11697,9
11698,9
11699,10
11700,12
11701,14
11702,15
11703,14
11704,11
11705,7
11706,4
11707,2
11708,0
11709,-1
11710,-3
11711,-6
11712,-8
11713,-10
11714,-12
11715,-14
11716,-16
11717,-20
11718,-23
11719,-24
11720,-21
11721,-15
11722,-6
11723,6
11724,28
11725,49
11726,65
11727,73
11728,79
11729,82
11730,79
11731,70
11732,58
11733,44
11734,34
11735,28
11736,44
11737,92
11738,188
11739,328
11740,511
11741,714
11742,899
11743,999
11744,1000
11745,912
11746,723
11747,512
11748,331
11749,202
11750,126
11751,81
11752,56
11753,31
11754,4
11755,-23
11756,-49
11757,-65
11758,-83
11759,-96
11760,-102
11761,-107
11762,-99
11763,-84
11764,-67
11765,-55
11766,-49
11767,-45
11768,-42
11769,-42
11770,-43
11771,-46
11772,-49
11773,-53
11774,-59
11775,-59
11776,-48
11777,-33
11778,-20
11779,-16
11780,-12
11781,-13
11782,-20
11783,-27
11784,-36
11785,-47
11786,-63
11787,-80
11788,-90
11789,-96
11790,-99
11791,-100
11792,-97
11793,-93
11794,-89
11795,-83
11796,-84
11797,-88
11798,-91
11799,-93
11800,-95
11801,-96
11802,-97
11803,-97
11804,-94
11805,-90
11806,-84
11807,-79
11808,-73
11809,-65
11810,-57
11811,-50
11812,-45
11813,-40
11814,-28
11815,-9
11816,6
11817,18
11818,28
11819,36
11820,43
11821,48
11822,52
11823,59
11824,65
11825,53
11826,44
11827,39
11828,35
11829,30
11830,26
11831,21
11832,18
11833,15
11834,13
11835,11
11836,8
11837,6
11838,3
11839,2
11840,0
11841,-1
11842,-2
11843,-4
11844,-6
11845,-7
11846,-8
11847,-9
11848,-12
11849,-16
11850,-18
11851,-16
11852,-10
11853,-2
11854,11
11855,35
11856,51
11857,60
11858,66
11859,69
11860,69
11861,66
11862,61
11863,53
11864,34
11865,10
11866,-3
11867,-9
11868,-13
11869,-1
11870,6
11871,10
11872,14
11873,18
11874,20
11875,21
11876,23
11877,24
11878,25
11879,27
11880,28
11881,29
11882,30
11883,32
11884,37
11885,37
11886,31
11887,26
11888,23
11889,19
11890,17
11891,16
11892,17
11893,20
11894,24
11895,28
11896,33
11897,40
11898,51
11899,60
11900,69
11901,77
11902,85
11903,90
11904,91
11905,86
11906,79
11907,66
11908,45
11909,29
11910,18
11911,19
11912,42
11913,103
11914,235
11915,432
11916,667
11917,891
11918,1046
11919,1087
11920,993
11921,786
11922,534
11923,312
11924,164
11925,104
11926,83
11927,74
11928,71
11929,64
11930,50
11931,30
11932,8
11933,-19
11934,-33
11935,-36
11936,-37
11937,-38
11938,-38
11939,-37
11940,-37
11941,-37
11942,-38
11943,-38
11944,-39
11945,-40
11946,-41
11947,-43
11948,-41
11949,-32
11950,-26
11951,-20
11952,-16
11953,-14
11954,-16
11955,-21
11956,-29
11957,-38
11958,-51
11959,-56
11960,-60
11961,-65
11962,-65
11963,-58
11964,-54
11965,-51
11966,-49
11967,-47
11968,-45
11969,-43
11970,-40
11971,-36
11972,-32
11973,-27
11974,-23
11975,-18
11976,-13
11977,-6
11978,0
11979,6
11980,9
11981,11
11982,12
11983,14
11984,17
11985,19
11986,22
11987,25
11988,28
11989,32
11990,38
11991,50
11992,71
11993,85
11994,95
11995,97
11996,98
11997,99
11998,102
11999,101
12000,90
12001,74
12002,51
12003,33
12004,20
12005,14
12006,10
12007,8
12008,6
12009,3
12010,1
12011,0
12012,-2
12013,-3
12014,-4
12015,-7
12016,-10
12017,-11
12018,-12
12019,-11
12020,-9
12021,-6
12022,-4
12023,-1
12024,3
12025,7
12026,10
12027,9
12028,4
12029,0
12030,-4
12031,-6
12032,-8
12033,-10
12034,-12
12035,-15
12036,-16
12037,-17
12038,-15
12039,-13
12040,-10
12041,-7
12042,-5
12043,-3
12044,-1
12045,2
12046,6
12047,8
12048,10
12049,11
12050,14
12051,19
12052,20
12053,18
12054,17
12055,16
12056,15
12057,14
12058,14
12059,14
12060,14
12061,14
12062,15
12063,17
12064,20
12065,22
12066,25
12067,27
12068,29
12069,30
12070,32
12071,34
12072,36
12073,39
12074,42
12075,48
12076,53
12077,55
12078,53
12079,48
12080,43
12081,39
12082,37
12083,34
12084,31
12085,28
12086,25
12087,21
12088,16
12089,-2
12090,-35
12091,-34
12092,4
12093,143
12094,374
12095,661
12096,935
12097,1122
12098,1167
12099,1054
12100,821
12101,535
12102,279
12103,103
12104,34
12105,26
12106,58
12107,96
12108,108
12109,99
12110,71
12111,29
12112,-2
12113,-11
12114,-16
12115,-21
12116,-25
12117,-28
12118,-31
12119,-35
12120,-41
12121,-46
12122,-48
12123,-46
12124,-41
12125,-34
12126,-21
12127,-6
12128,2
12129,7
12130,-1
12131,-18
12132,-37
12133,-50
12134,-58
12135,-63
12136,-62
12137,-57
12138,-49
12139,-36
12140,-24
12141,-21
12142,-19
12143,-17
12144,-16
12145,-16
12146,-17
12147,-20
12148,-24
12149,-29
12150,-33
12151,-40
12152,-46
12153,-46
12154,-42
12155,-35
12156,-26
12157,-14
12158,-3
12159,10
12160,30
12161,54
12162,70
12163,75
12164,78
12165,81
12166,82
12167,83
12168,84
12169,85
12170,86
12171,86
12172,88
12173,89
12174,90
12175,91
12176,95
12177,97
12178,93
12179,85
12180,77
12181,68
12182,60
12183,53
12184,42
12185,25
12186,12
12187,4
12188,0
12189,-3
12190,-5
12191,-5
12192,-6
12193,-6
12194,-8
12195,-9
12196,-10
12197,-11
12198,-11
12199,-9
12200,-5
12201,-2
12202,1
12203,6
12204,10
12205,11
12206,9
12207,4
12208,-2
12209,-9
12210,8
12211,60
12212,171
12213,325
12214,498
12215,657
12216,745
12217,749
12218,682
12219,532
12220,367
12221,241
12222,210
12223,199
12224,193
12225,189
12226,176
12227,120
12228,54
12229,0
12230,-34
12231,-54
12232,-71
12233,-83
12234,-85
12235,-87
12236,-88
12237,-90
12238,-91
12239,-91
12240,-90
12241,-90
12242,-89
12243,-88
12244,-86
12245,-83
12246,-78
12247,-69
12248,-54
12249,-46
12250,-41
12251,-39
12252,-44
12253,-56
12254,-74
12255,-93
12256,-101
12257,-106
12258,-109
12259,-110
12260,-107
12261,-101
12262,-94
12263,-83
12264,-69
12265,-65
12266,-63
12267,-62
12268,-60
12269,-59
12270,-58
12271,-59
12272,-59
12273,-61
12274,-63
12275,-65
12276,-69
12277,-67
12278,-52
12279,-38
12280,-26
12281,-15
12282,-5
12283,5
12284,18
12285,29
12286,35
12287,39
12288,42
12289,44
12290,46
12291,47
12292,47
12293,47
12294,47
12295,46
12296,44
12297,41
12298,39
12299,36
12300,32
12301,26
12302,20
12303,13
12304,2
12305,-12
12306,-21
12307,-24
12308,-27
12309,-29
12310,-32
12311,-34
12312,-36
12313,-39
12314,-43
12315,-49
12316,-58
12317,-64
12318,-70
12319,-75
12320,-69
12321,-50
12322,-24
12323,0
12324,15
12325,23
12326,29
12327,33
12328,33
12329,28
12330,20
12331,6
12332,-9
12333,-19
12334,-25
12335,-11
12336,0
12337,6
12338,11
12339,15
12340,18
12341,22
12342,25
12343,29
12344,35
12345,39
12346,36
12347,31
12348,26
12349,22
12350,18
12351,14
12352,9
12353,4
12354,-2
12355,-10
12356,-16
12357,-20
12358,-23
12359,-25
12360,-26
12361,-28
12362,-28
12363,-28
12364,-27
12365,-24
12366,-19
12367,-14
12368,-8
12369,1
12370,7
12371,10
12372,14
12373,19
12374,27
12375,35
12376,41
12377,41
12378,32
12379,20
12380,6
12381,-1
12382,-5
12383,-8
12384,-11
12385,-15
12386,-18
12387,-21
12388,-26
12389,-34
12390,-34
12391,-26
12392,-21
12393,-17
12394,-13
12395,-8
12396,-3
12397,1
12398,6
12399,13
12400,16
12401,14
12402,8
12403,0
12404,-6
12405,0
12406,6
12407,9
12408,13
12409,16
12410,19
12411,23
12412,27
12413,36
12414,49
12415,56
12416,60
12417,62
12418,64
12419,64
12420,64
12421,63
12422,60
12423,56
12424,52
12425,47
12426,40
12427,34
12428,33
12429,35
12430,37
12431,38
12432,39
12433,39
12434,39
12435,38
12436,35
12437,32
12438,27
12439,20
12440,15
12441,10
12442,5
12443,14
12444,28
12445,41
12446,47
12447,50
12448,52
12449,54
12450,54
12451,54
12452,54
12453,53
12454,51
12455,49
12456,46
12457,43
12458,39
12459,35
12460,33
12461,34
12462,36
12463,38
12464,40
12465,43
12466,36
12467,16
12468,39
12469,138
12470,324
12471,569
12472,813
12473,989
12474,1039
12475,951
12476,765
12477,545
12478,354
12479,228
12480,170
12481,146
12482,132
12483,108
12484,77
12485,43
12486,12
12487,-10
12488,-16
12489,-20
12490,-22
12491,-25
12492,-28
12493,-32
12494,-34
12495,-37
12496,-39
12497,-42
12498,-44
12499,-47
12500,-49
12501,-49
12502,-48
12503,-46
12504,-44
12505,-41
12506,-38
12507,-36
12508,-33
12509,-29
12510,-25
12511,-21
12512,-19
12513,-20
12514,-22
12515,-24
12516,-27
12517,-29
12518,-32
12519,-36
12520,-41
12521,-47
12522,-67
12523,-95
12524,-103
12525,-107
12526,-103
12527,-90
12528,-82
12529,-73
12530,-65
12531,-56
12532,-44
12533,-25
12534,-13
12535,-11
12536,-8
12537,-17
12538,-29
12539,-39
12540,-45
12541,-48
12542,-51
12543,-54
12544,-54
12545,-54
12546,-51
12547,-48
12548,-41
12549,-29
12550,-17
12551,-7
12552,3
12553,11
12554,17
12555,23
12556,30
12557,38
12558,48
12559,60
12560,68
12561,73
12562,78
12563,81
12564,81
12565,77
12566,69
12567,57
12568,35
12569,24
12570,18
12571,14
12572,10
12573,7
12574,5
12575,4
12576,4
12577,5
12578,6
12579,7
12580,9
12581,11
12582,14
12583,17
12584,21
12585,28
12586,32
12587,28
12588,20
12589,8
12590,-11
12591,-24
12592,-32
12593,-38
12594,-40
12595,-39
12596,-34
12597,-27
12598,-15
12599,2
12600,18
12601,28
12602,18
12603,9
12604,4
12605,0
12606,-2
12607,-1
12608,2
12609,9
12610,16
12611,26
12612,37
12613,47
12614,55
12615,56
12616,52
12617,48
12618,45
12619,44
12620,47
12621,54
12622,58
12623,62
12624,66
12625,68
12626,69
12627,69
12628,68
12629,66
12630,64
12631,62
12632,59
12633,57
12634,54
12635,50
12636,45
12637,37
12638,22
12639,7
12640,1
12641,-2
12642,-4
12643,-2
12644,1
12645,4
12646,7
12647,9
12648,10
12649,7
12650,2
12651,-3
12652,-7
12653,-12
12654,-17
12655,-20
12656,-21
12657,-19
12658,-13
12659,-6
12660,3
12661,17
12662,19
12663,21
12664,24
12665,13
12666,5
12667,1
12668,-2
12669,-5
12670,-5
12671,-4
12672,-1
12673,3
12674,9
12675,22
12676,40
12677,46
12678,49
12679,52
12680,53
12681,54
12682,55
12683,55
12684,54
12685,51
12686,46
12687,41
12688,35
12689,29
12690,25
12691,18
12692,11
12693,5
12694,1
12695,1
12696,4
12697,8
12698,13
12699,17
12700,22
12701,28
12702,34
12703,39
12704,43
12705,45
12706,47
12707,50
12708,56
12709,56
12710,46
12711,36
12712,24
12713,13
12714,-1
12715,-15
12716,-23
12717,-29
12718,-29
12719,-17
12720,1
12721,25
12722,38
12723,47
12724,52
12725,52
12726,46
12727,37
12728,28
12729,16
12730,16
12731,28
12732,61
12733,132
12734,239
12735,388
12736,572
12737,761
12738,910
12739,972
12740,928
12741,790
12742,605
12743,425
12744,289
12745,212
12746,186
12747,178
12748,169
12749,159
12750,127
12751,83
12752,39
12753,-1
12754,-34
12755,-53
12756,-67
12757,-78
12758,-90
12759,-96
12760,-102
12761,-106
12762,-109
12763,-111
12764,-109
12765,-104
12766,-97
12767,-91
12768,-85
12769,-78
12770,-71
12771,-65
12772,-61
12773,-57
12774,-52
12775,-41
12776,-30
12777,-26
12778,-22
12779,-24
12780,-36
12781,-47
12782,-57
12783,-63
12784,-65
12785,-66
12786,-68
12787,-70
12788,-69
12789,-62
12790,-55
12791,-48
12792,-48
12793,-59
12794,-69
12795,-78
12796,-83
12797,-81
12798,-75
12799,-68
12800,-53
12801,-38
12802,-29
12803,-25
12804,-23
12805,-22
12806,-21
12807,-19
12808,-17
12809,-13
12810,-10
12811,-6
12812,-2
12813,3
12814,11
12815,19
12816,27
12817,32
12818,36
12819,40
12820,43
12821,45
12822,46
12823,45
12824,42
12825,39
12826,34
12827,29
12828,23
12829,17
12830,16
12831,18
12832,22
12833,26
12834,32
12835,35
12836,30
12837,19
12838,3
12839,-17
12840,-29
12841,-35
12842,-39
12843,-41
12844,-38
12845,-31
12846,-24
12847,-20
12848,-16
12849,-12
12850,-9
12851,-6
12852,-4
12853,-4
12854,-4
12855,-4
12856,-7
12857,-9
12858,-13
12859,-16
12860,-21
12861,-30
12862,-35
12863,-30
12864,-20
12865,-9
12866,1
12867,11
12868,21
12869,27
12870,30
12871,34
12872,36
12873,38
12874,39
12875,39
12876,38
12877,35
12878,30
12879,26
12880,21
12881,17
12882,11
12883,4
12884,0
12885,-3
12886,-2
12887,0
12888,3
12889,9
12890,19
12891,42
12892,91
12893,199
12894,373
12895,600
12896,831
12897,1004
12898,1065
12899,995
12900,820
12901,592
12902,365
12903,186
12904,75
12905,42
12906,31
12907,49
12908,75
12909,93
12910,87
12911,68
12912,18
12913,-29
12914,-61
12915,-72
12916,-77
12917,-75
12918,-68
12919,-59
12920,-53
12921,-47
12922,-42
12923,-39
12924,-38
12925,-37
12926,-37
12927,-36
12928,-34
12929,-33
12930,-31
12931,-30
12932,-28
12933,-27
12934,-25
12935,-23
12936,-21
12937,-18
12938,-14
12939,-7
12940,3
12941,11
12942,16
12943,20
12944,22
12945,16
12946,6
12947,2
12948,0
12949,-3
12950,-6
12951,-8
12952,-10
12953,-11
12954,-11
12955,-11
12956,-11
12957,-10
12958,-8
12959,-5
12960,-1
12961,4
12962,15
12963,38
12964,51
12965,57
12966,62
12967,67
12968,75
12969,82
12970,89
12971,96
12972,103
12973,110
12974,115
12975,117
12976,116
12977,113
12978,109
12979,104
12980,94
12981,80
12982,72
12983,66
12984,66
12985,72
12986,76
12987,81
12988,84
12989,84
12990,78
12991,69
12992,55
12993,30
12994,2
12995,-19
12996,-31
12997,-40
12998,-40
12999,-30
13000,-15
13001,4
13002,25
13003,44
13004,57
13005,66
13006,65
13007,52
13008,33
13009,10
13010,-23
13011,-51
13012,-59
13013,-64
13014,-66
13015,-65
13016,-62
13017,-57
13018,-39
13019,-5
13020,16
13021,42
13022,54
13023,55
13024,57
13025,58
13026,58
13027,55
13028,47
13029,38
13030,31
13031,24
13032,17
13033,12
13034,9
13035,6
13036,3
13037,0
13038,-4
13039,-7
13040,-7
13041,-3
13042,2
13043,6
13044,9
13045,12
13046,14
13047,16
13048,17
13049,17
13050,16
13051,14
13052,10
13053,6
13054,1
13055,-3
13056,-12
13057,-19
13058,-20
13059,-17
13060,-12
13061,-5
13062,3
13063,15
13064,25
13065,35
13066,35
13067,25
13068,10
13069,-7
13070,-20
13071,-29
13072,-28
13073,-11
13074,33
13075,127
13076,274
13077,468
13078,685
13079,892
13080,1044
13081,1094
13082,1016
13083,824
13084,575
13085,335
13086,151
13087,42
13088,13
13089,15
13090,37
13091,49
13092,38
13093,5
13094,-41
13095,-80
13096,-100
13097,-108
13098,-113
13099,-116
13100,-118
13101,-119
13102,-120
13103,-120
13104,-117
13105,-112
13106,-107
13107,-102
13108,-99
13109,-95
13110,-90
13111,-85
13112,-82
13113,-80
13114,-80
13115,-82
13116,-83
13117,-86
13118,-88
13119,-91
13120,-98
13121,-97
13122,-84
13123,-77
13124,-71
13125,-65
13126,-61
13127,-59
13128,-60
13129,-62
13130,-66
13131,-71
13132,-78
13133,-86
13134,-101
13135,-102
13136,-93
13137,-78
13138,-57
13139,-46
13140,-41
13141,-37
13142,-34
13143,-32
13144,-28
13145,-25
13146,-21
13147,-18
13148,-13
13149,-5
13150,5
13151,11
13152,14
13153,15
13154,17
13155,18
13156,20
13157,20
13158,21
13159,20
13160,20
13161,19
13162,18
13163,15
13164,12
13165,9
13166,5
13167,3
13168,0
13169,-1
13170,-4
13171,-8
13172,-11
13173,-15
13174,-18
13175,-21
13176,-23
13177,-24
13178,-26
13179,-28
13180,-28
13181,-30
13182,-36
13183,-46
13184,-28
13185,24
13186,122
13187,271
13188,460
13189,658
13190,817
13191,869
13192,856
13193,738
13194,549
13195,352
13196,196
13197,102
13198,59
13199,44
13200,36
13201,19
13202,-16
13203,-58
13204,-85
13205,-105
13206,-117
13207,-125
13208,-125
13209,-120
13210,-112
13211,-109
13212,-107
13213,-105
13214,-104
13215,-102
13216,-100
13217,-98
13218,-95
13219,-93
13220,-90
13221,-88
13222,-86
13223,-83
13224,-80
13225,-77
13226,-70
13227,-57
13228,-49
13229,-44
13230,-40
13231,-36
13232,-33
13233,-32
13234,-33
13235,-36
13236,-40
13237,-44
13238,-48
13239,-53
13240,-58
13241,-62
13242,-63
13243,-62
13244,-58
13245,-54
13246,-49
13247,-42
13248,-31
13249,-18
13250,-7
13251,1
13252,9
13253,15
13254,19
13255,25
13256,32
13257,31
13258,23
13259,16
13260,10
13261,6
13262,6
13263,12
13264,21
13265,30
13266,42
13267,49
13268,54
13269,59
13270,65
13271,68
13272,66
13273,62
13274,59
13275,56
13276,54
13277,52
13278,49
13279,47
13280,43
13281,39
13282,33
13283,21
13284,0
13285,-11
13286,-17
13287,-22
13288,-25
13289,-26
13290,-25
13291,-23
13292,-19
13293,-15
13294,-6
13295,11
13296,22
13297,29
13298,34
13299,39
13300,42
13301,46
13302,49
13303,53
13304,56
13305,57
13306,53
13307,48
13308,43
13309,36
13310,29
13311,21
13312,13
13313,4
13314,0
13315,1
13316,8
13317,26
13318,53
13319,81
13320,110
13321,121
13322,127
13323,131
13324,119
13325,83
13326,46
13327,22
13328,21
13329,41
13330,115
13331,243
13332,426
13333,646
13334,859
13335,1008
13336,1045
13337,952
13338,764
13339,536
13340,322
13341,170
13342,108
13343,87
13344,80
13345,77
13346,67
13347,34
13348,-4
13349,-23
13350,-26
13351,-29
13352,-32
13353,-33
13354,-34
13355,-34
13356,-35
13357,-36
13358,-37
13359,-38
13360,-38
13361,-38
13362,-37
13363,-36
13364,-35
13365,-35
13366,-34
13367,-33
13368,-31
13369,-29
13370,-28
13371,-26
13372,-24
13373,-21
13374,-14
13375,-9
13376,-5
13377,-3
13378,0
13379,1
13380,0
13381,-2
13382,-6
13383,-9
13384,-11
13385,-14
13386,-16
13387,-18
13388,-19
13389,-19
13390,-18
13391,-17
13392,-15
13393,-12
13394,-10
13395,-6
13396,0
13397,6
13398,14
13399,38
13400,64
13401,74
13402,75
13403,70
13404,66
13405,61
13406,59
13407,63
13408,72
13409,81
13410,90
13411,100
13412,110
13413,127
13414,140
13415,145
13416,148
13417,148
13418,139
13419,127
13420,112
13421,100
13422,91
13423,84
13424,76
13425,68
13426,59
13427,46
13428,33
13429,22
13430,16
13431,25
13432,41
13433,49
13434,50
13435,51
13436,52
13437,52
13438,52
13439,49
13440,46
13441,42
13442,37
13443,32
13444,28
13445,29
13446,31
13447,33
13448,36
13449,35
13450,29
13451,22
13452,14
13453,15
13454,24
13455,39
13456,58
13457,71
13458,80
13459,83
13460,79
13461,73
13462,69
13463,65
13464,61
13465,58
13466,57
13467,55
13468,53
13469,50
13470,50
13471,55
13472,59
13473,62
13474,65
13475,68
13476,73
13477,78
13478,85
13479,94
13480,96
13481,91
13482,80
13483,57
13484,44
13485,38
13486,35
13487,33
13488,31
13489,30
13490,29
13491,28
13492,27
13493,27
13494,26
13495,24
13496,23
13497,20
13498,17
13499,14
13500,16
13501,20
13502,23
13503,26
13504,28
13505,29
13506,31
13507,33
13508,35
13509,37
13510,38
13511,41
13512,46
13513,54
13514,71
13515,82
13516,90
13517,90
13518,82
13519,73
13520,65
13521,78
13522,117
13523,241
13524,433
13525,657
13526,865
13527,1008
13528,1050
13529,973
13530,800
13531,577
13532,361
13533,196
13534,98
13535,66
13536,64
13537,81
13538,95
13539,99
13540,88
13541,55
13542,20
13543,-9
13544,-32
13545,-45
13546,-58
13547,-70
13548,-79
13549,-85
13550,-90
13551,-95
13552,-99
13553,-104
13554,-106
13555,-100
13556,-89
13557,-83
13558,-79
13559,-76
13560,-73
13561,-71
13562,-68
13563,-66
13564,-64
13565,-63
13566,-62
13567,-62
13568,-62
13569,-63
13570,-63
13571,-64
13572,-64
13573,-65
13574,-65
13575,-65
13576,-65
13577,-66
13578,-66
13579,-66
13580,-66
13581,-67
13582,-68
13583,-69
13584,-71
13585,-73
13586,-76
13587,-80
13588,-87
13589,-96
13590,-109
13591,-122
13592,-132
13593,-138
13594,-133
13595,-116
13596,-93
13597,-65
13598,-34
13599,-2
13600,9
13601,16
13602,20
13603,21
13604,18
13605,11
13606,14
13607,31
13608,41
13609,46
13610,49
13611,51
13612,51
13613,49
13614,44
13615,38
13616,32
13617,24
13618,20
13619,22
13620,25
13621,28
13622,33
13623,32
13624,23
13625,9
13626,-7
13627,-20
13628,-35
13629,-50
13630,-59
13631,-52
13632,-31
13633,46
13634,188
13635,388
13636,618
13637,825
13638,912
13639,902
13640,766
13641,539
13642,296
13643,93
13644,-25
13645,-45
13646,-39
13647,-12
13648,2
13649,-5
13650,-29
13651,-68
13652,-105
13653,-123
13654,-129
13655,-122
13656,-105
13657,-79
13658,-52
13659,-28
13660,-13
13661,-3
13662,2
13663,5
13664,7
13665,5
13666,2
13667,-3
13668,-12
13669,-30
13670,-50
13671,-70
13672,-83
13673,-92
13674,-96
13675,-93
13676,-84
13677,-71
13678,-53
13679,-36
13680,-18
13681,-7
13682,-1
13683,2
13684,6
13685,9
13686,12
13687,15
13688,20
13689,22
13690,19
13691,11
13692,-1
13693,-17
13694,-28
13695,-35
13696,-34
13697,-24
13698,-9
13699,9
13700,28
13701,44
13702,53
13703,60
13704,68
13705,73
13706,77
13707,80
13708,82
13709,83
13710,84
13711,84
13712,83
13713,81
13714,79
13715,71
13716,41
13717,12
13718,1
13719,1
13720,7
13721,10
13722,13
13723,16
13724,18
13725,20
13726,22
13727,24
13728,27
13729,29
13730,32
13731,35
13732,36
13733,37
13734,37
13735,36
13736,36
13737,35
13738,33
13739,30
13740,24
13741,16
13742,12
13743,10
13744,9
13745,8
13746,9
13747,12
13748,16
13749,21
13750,29
13751,36
13752,41
13753,46
13754,49
13755,47
13756,42
13757,35
13758,21
13759,3
13760,-7
13761,-12
13762,-16
13763,-8
13764,0
13765,6
13766,12
13767,18
13768,27
13769,42
13770,56
13771,65
13772,65
13773,57
13774,50
13775,44
13776,39
13777,33
13778,29
13779,24
13780,18
13781,15
13782,17
13783,21
13784,25
13785,30
13786,29
13787,20
13788,12
13789,5
13790,0
13791,-4
13792,-7
13793,-11
13794,-15
13795,-17
13796,-14
13797,-8
13798,-1
13799,6
13800,11
13801,23
13802,51
13803,109
13804,209
13805,361
13806,555
13807,755
13808,904
13809,950
13810,877
13811,705
13812,492
13813,306
13814,186
13815,146
13816,134
13817,126
13818,121
13819,116
13820,99
13821,76
13822,49
13823,14
13824,-21
13825,-49
13826,-59
13827,-63
13828,-65
13829,-66
13830,-66
13831,-61
13832,-52
13833,-37
13834,-20
13835,-12
13836,-8
13837,-4
13838,-3
13839,-5
13840,-10
13841,-17
13842,-29
13843,-50
13844,-62
13845,-68
13846,-73
13847,-76
13848,-78
13849,-78
13850,-78
13851,-76
13852,-75
13853,-73
13854,-70
13855,-66
13856,-66
13857,-68
13858,-73
13859,-70
13860,-54
13861,-45
13862,-37
13863,-39
13864,-50
13865,-56
13866,-57
13867,-51
13868,-45
13869,-39
13870,-49
13871,-60
13872,-69
13873,-68
13874,-59
13875,-50
13876,-43
13877,-36
13878,-32
13879,-29
13880,-18
13881,4
13882,19
13883,29
13884,35
13885,40
13886,42
13887,41
13888,39
13889,36
13890,32
13891,25
13892,12
13893,4
13894,0
13895,-2
13896,-4
13897,-5
13898,-5
13899,-3
13900,-1
13901,0
13902,1
13903,2
13904,3
13905,4
13906,5
13907,6
13908,8
13909,9
13910,11
13911,13
13912,14
13913,14
13914,15
13915,15
13916,14
13917,14
13918,14
13919,13
13920,13
13921,14
13922,15
13923,15
13924,16
13925,15
13926,12
13927,9
13928,6
13929,4
13930,0
13931,-2
13932,-6
13933,-8
13934,-8
13935,-5
13936,-1
13937,2
13938,6
13939,9
13940,12
13941,15
13942,19
13943,22
13944,24
13945,26
13946,28
13947,30
13948,34
13949,42
13950,59
13951,70
13952,75
13953,79
13954,84
13955,87
13956,94
13957,118
13958,208
13959,360
13960,557
13961,771
13962,952
13963,1037
13964,987
13965,820
13966,607
13967,416
13968,272
13969,171
13970,100
13971,52
13972,11
13973,-27
13974,-45
13975,-51
13976,-36
13977,-21
13978,-9
13979,-4
13980,-8
13981,-15
13982,-24
13983,-34
13984,-43
13985,-51
13986,-57
13987,-63
13988,-69
13989,-81
13990,-93
13991,-99
13992,-103
13993,-95
13994,-81
13995,-66
13996,-50
13997,-36
13998,-25
13999,-18
14000,-18
14001,-26
14002,-38
14003,-60
14004,-79
14005,-90
14006,-97
14007,-98
14008,-93
14009,-87
14010,-76
14011,-59
14012,-46
14013,-38
14014,-30
14015,-23
14016,-14
14017,-5
14018,4
14019,10
14020,14
14021,18
14022,21
14023,23
14024,21
14025,18
14026,13
14027,9
14028,3
14029,-5
14030,-5
14031,3
14032,9
14033,14
14034,18
14035,22
14036,26
14037,28
14038,30
14039,34
14040,40
14041,41
14042,37
14043,31
14044,26
14045,40
14046,55
14047,68
14048,69
14049,58
14050,49
14051,40
14052,33
14053,27
14054,23
14055,13
14056,-1
14057,-11
14058,-19
14059,-26
14060,-33
14061,-40
14062,-47
14063,-46
14064,-35
14065,-18
14066,-5
14067,-1
14068,2
14069,15
14070,50
14071,168
14072,357
14073,578
14074,783
14075,890
14076,891
14077,787
14078,581
14079,358
14080,176
14081,85
14082,70
14083,85
14084,107
14085,114
14086,104
14087,73
14088,32
14089,-3
14090,-30
14091,-47
14092,-58
14093,-65
14094,-69
14095,-73
14096,-76
14097,-81
14098,-85
14099,-89
14100,-92
14101,-95
14102,-96
14103,-98
14104,-99
14105,-99
14106,-97
14107,-94
14108,-91
14109,-84
14110,-70
14111,-53
14112,-40
14113,-33
14114,-28
14115,-28
14116,-36
14117,-48
14118,-60
14119,-67
14120,-72
14121,-74
14122,-72
14123,-65
14124,-45
14125,-19
14126,-2
14127,9
14128,16
14129,21
14130,21
14131,19
14132,17
14133,15
14134,13
14135,11
14136,12
14137,15
14138,17
14139,19
14140,20
14141,19
14142,17
14143,15
14144,14
14145,13
14146,13
14147,17
14148,24
14149,36
14150,55
14151,67
14152,75
14153,80
14154,80
14155,79
14156,77
14157,76
14158,75
14159,74
14160,72
14161,70
14162,68
14163,66
14164,62
14165,58
14166,52
14167,46
14168,40
14169,31
14170,17
14171,8
14172,2
14173,0
14174,-2
14175,-1
14176,3
14177,11
14178,34
14179,102
14180,202
14181,331
14182,477
14183,627
14184,764
14185,874
14186,925
14187,921
14188,853
14189,719
14190,571
14191,438
14192,333
14193,263
14194,223
14195,206
14196,187
14197,158
14198,121
14199,93
14200,84
14201,78
14202,73
14203,59
14204,35
14205,6
14206,-13
14207,-20
14208,-23
14209,-20
14210,-15
14211,-9
14212,-3
14213,0
14214,3
14215,5
14216,7
14217,9
14218,10
14219,10
14220,8
14221,5
14222,1
14223,0
14224,-3
14225,-5
14226,-8
14227,-10
14228,-10
14229,-9
14230,-6
14231,-2
14232,6
14233,14
14234,16
14235,17
14236,17
14237,18
14238,19
14239,19
14240,20
14241,22
14242,24
14243,27
14244,30
14245,35
14246,43
14247,49
14248,52
14249,55
14250,58
14251,61
14252,64
14253,66
14254,69
14255,75
14256,87
14257,99
14258,114
14259,133
14260,142
14261,146
14262,148
14263,142
14264,136
14265,132
14266,129
14267,127
14268,129
14269,134
14270,139
14271,143
14272,147
14273,151
14274,154
14275,155
14276,154
14277,151
14278,148
14279,146
14280,144
14281,143
14282,142
14283,140
14284,138
14285,136
14286,134
14287,133
14288,132
14289,131
14290,130
14291,129
14292,125
14293,114
14294,100
14295,93
14296,90
14297,88
14298,86
14299,86
14300,88
14301,92
14302,98
14303,105
14304,114
14305,119
14306,123
14307,126
14308,130
14309,134
14310,137
14311,140
14312,143
14313,147
14314,150
14315,153
14316,153
14317,152
14318,147
14319,141
14320,132
14321,116
14322,104
14323,96
14324,95
14325,100
14326,104
14327,106
14328,109
14329,112
14330,114
14331,117
14332,129
14333,171
14334,243
14335,346
14336,476
14337,625
14338,775
14339,898
14340,951
14341,945
14342,862
14343,707
14344,531
14345,380
14346,281
14347,230
14348,208
14349,199
14350,188
14351,159
14352,115
14353,73
14354,46
14355,36
14356,26
14357,48
14358,62
14359,54
14360,0
14361,-116
14362,-278
14363,-460
14364,-628
14365,-754
14366,-825
14367,-842
14368,-840
14369,-811
14370,-765
14371,-712
14372,-661
14373,-617
14374,-580
14375,-551
14376,-527
14377,-503
14378,-471
14379,-437
14380,-416
14381,-409
14382,-403
14383,-397
14384,-392
14385,-386
14386,-383
14387,-386
14388,-393
14389,-403
14390,-420
14391,-430
14392,-437
14393,-441
14394,-443
14395,-442
14396,-438
14397,-433
14398,-414
14399,-390
14400,-367
14401,-353
14402,-328
14403,-306
14404,-293
14405,-282
14406,-273
14407,-265
14408,-253
14409,-240
14410,-219
14411,-193
14412,-163
14413,-133
14414,-105
14415,-81
14416,-66
14417,-49
14418,-32
14419,-24
14420,-22
14421,-19
14422,-18
14423,-16
14424,-15
14425,-14
14426,-13
14427,-12
14428,-11
14429,-10
14430,-9
14431,-9
14432,-8
14433,-7
14434,-5
14435,-3
14436,1
14437,14
14438,26
14439,34
14440,38
14441,41
14442,50
14443,75
14444,146
14445,277
14446,470
14447,699
14448,917
14449,1044
14450,1052
14451,965
14452,765
14453,538
14454,336
14455,198
14456,127
14457,112
14458,108
14459,106
14460,104
14461,101
14462,97
14463,95
14464,92
14465,87
14466,69
14467,46
14468,31
14469,22
14470,16
14471,12
14472,11
14473,12
14474,14
14475,17
14476,19
14477,21
14478,23
14479,26
14480,30
14481,35
14482,40
14483,47
14484,56
14485,62
14486,65
14487,70
14488,76
14489,82
14490,86
14491,88
14492,90
14493,93
14494,95
14495,97
14496,99
14497,101
14498,103
14499,105
14500,107
14501,110
14502,112
14503,116
14504,121
14505,141
14506,167
14507,180
14508,187
14509,191
14510,194
14511,195
14512,195
14513,194
14514,192
14515,188
14516,179
14517,170
14518,165
14519,162
14520,171
14521,180
14522,187
14523,191
14524,187
14525,180
14526,174
14527,169
14528,165
14529,163
14530,163
14531,165
14532,168
14533,172
14534,176
14535,183
14536,183
14537,174
14538,152
14539,114
14540,68
14541,19
14542,-30
14543,-82
14544,-131
14545,-175
14546,-212
14547,-232
14548,-239
14549,-239
14550,-230
14551,-216
14552,-201
14553,-179
14554,-150
14555,-114
14556,-75
14557,-39
14558,-17
14559,-10
14560,-4
14561,0
14562,16
14563,39
14564,57
14565,63
14566,64
14567,62
14568,58
14569,61
14570,86
14571,105
14572,111
14573,108
14574,104
14575,101
14576,109
14577,133
14578,152
14579,159
14580,159
14581,155
14582,152
14583,149
14584,146
14585,142
14586,137
14587,118
14588,85
14589,64
14590,58
14591,54
14592,49
14593,46
14594,42
14595,38
14596,33
14597,28
14598,24
14599,18
14600,1
14601,-24
14602,-53
14603,-79
14604,-97
14605,-104
14606,-88
14607,-39
14608,93
14609,302
14610,558
14611,797
14612,954
14613,985
14614,896
14615,729
14616,533
14617,349
14618,210
14619,129
14620,88
14621,63
14622,50
14623,40
14624,31
14625,17
14626,-5
14627,-32
14628,-61
14629,-71
14630,-77
14631,-73
14632,-57
14633,-42
14634,-32
14635,-26
14636,-23
14637,-22
14638,-24
14639,-27
14640,-40
14641,-60
14642,-77
14643,-83
14644,-82
14645,-72
14646,-56
14647,-45
14648,-43
14649,-42
14650,-42
14651,-41
14652,-40
14653,-39
14654,-38
14655,-37
14656,-36
14657,-35
14658,-34
14659,-33
14660,-32
14661,-31
14662,-30
14663,-26
14664,-24
14665,-24
14666,-28
14667,-34
14668,-39
14669,-44
14670,-48
14671,-49
14672,-50
14673,-52
14674,-54
14675,-56
14676,-56
14677,-52
14678,-47
14679,-40
14680,-31
14681,-23
14682,-2
14683,24
14684,55
14685,85
14686,112
14687,128
14688,141
14689,149
14690,150
14691,145
14692,130
14693,107
14694,83
14695,72
14696,68
14697,66
14698,64
14699,61
14700,56
14701,50
14702,41
14703,30
14704,23
14705,18
14706,13
14707,10
14708,10
14709,14
14710,21
14711,32
14712,44
14713,50
14714,55
14715,56
14716,53
14717,46
14718,38
14719,30
14720,29
14721,38
14722,61
14723,108
14724,184
14725,300
14726,459
14727,638
14728,808
14729,937
14730,987
14731,928
14732,756
14733,523
14734,313
14735,172
14736,101
14737,72
14738,55
14739,38
14740,28
14741,25
14742,24
14743,23
14744,21
14745,19
14746,16
14747,11
14748,-7
14749,-31
14750,-58
14751,-85
14752,-96
14753,-103
14754,-107
14755,-99
14756,-91
14757,-86
14758,-83
14759,-81
14760,-79
14761,-77
14762,-75
14763,-74
14764,-76
14765,-81
14766,-86
14767,-91
14768,-94
14769,-91
14770,-86
14771,-82
14772,-78
14773,-75
14774,-74
14775,-75
14776,-76
14777,-77
14778,-79
14779,-81
14780,-73
14781,-63
14782,-54
14783,-47
14784,-36
14785,-22
14786,-12
14787,-5
14788,-2
14789,-6
14790,-14
14791,-20
14792,-27
14793,-32
14794,-32
14795,-28
14796,-23
14797,-16
14798,-6
14799,0
14800,17
14801,41
14802,49
14803,53
14804,56
14805,46
14806,30
14807,15
14808,4
14809,-4
14810,-19
14811,-44
14812,-70
14813,-79
14814,-82
14815,-84
14816,-86
14817,-87
14818,-88
14819,-89
14820,-88
14821,-87
14822,-85
14823,-84
14824,-83
14825,-82
14826,-81
14827,-80
14828,-78
14829,-77
14830,-75
14831,-73
14832,-70
14833,-67
14834,-62
14835,-53
14836,-34
14837,-15
14838,1
14839,17
14840,33
14841,45
14842,54
14843,55
14844,49
14845,40
14846,28
14847,17
14848,6
14849,-2
14850,-9
14851,-16
14852,-24
14853,-31
14854,-35
14855,-38
14856,-41
14857,-43
14858,-43
14859,-40
14860,-35
14861,-29
14862,-23
14863,-23
14864,-32
14865,-45
14866,-60
14867,-69
14868,-75
14869,-77
14870,-73
14871,-64
14872,-53
14873,-40
14874,-25
14875,-4
14876,57
14877,193
14878,401
14879,646
14880,866
14881,979
14882,983
14883,892
14884,692
14885,455
14886,243
14887,100
14888,27
14889,14
14890,9
14891,12
14892,17
14893,13
14894,-12
14895,-35
14896,-41
14897,-45
14898,-48
14899,-51
14900,-53
14901,-56
14902,-62
14903,-74
14904,-88
14905,-102
14906,-111
14907,-118
14908,-120
14909,-117
14910,-111
14911,-102
14912,-90
14913,-85
14914,-83
14915,-81
14916,-79
14917,-78
14918,-75
14919,-72
14920,-69
14921,-66
14922,-62
14923,-57
14924,-52
14925,-50
14926,-49
14927,-45
14928,-46
14929,-62
14930,-88
14931,-110
14932,-117
14933,-112
14934,-100
14935,-80
14936,-57
14937,-35
14938,-23
14939,-15
14940,-9
14941,-5
14942,0
14943,2
14944,-6
14945,-16
14946,-24
14947,-27
14948,-24
14949,-17
14950,-11
14951,-6
14952,-1
14953,2
14954,5
14955,12
14956,26
14957,46
14958,63
14959,90
14960,120
14961,127
14962,128
14963,129
14964,130
14965,131
14966,130
14967,129
14968,125
14969,120
14970,105
14971,81
14972,75
14973,70
14974,65
14975,61
14976,57
14977,53
14978,47
14979,43
14980,47
14981,57
14982,66
14983,74
14984,83
14985,91
14986,99
14987,105
14988,112
14989,119
14990,126
14991,132
14992,138
14993,142
14994,146
14995,150
14996,153
14997,155
14998,155
14999,152
15000,147
15001,141
15002,132
15003,114
15004,103
15005,96
15006,92
15007,88
15008,85
15009,84
15010,83
15011,80
15012,76
15013,73
15014,76
15015,83
15016,90
15017,98
15018,104
15019,107
15020,109
15021,110
15022,111
15023,113
15024,115
15025,115
15026,115
15027,113
15028,111
15029,109
15030,106
15031,103
15032,99
15033,95
15034,93
15035,96
15036,102
15037,110
15038,117
15039,125
15040,132
15041,132
15042,129
15043,122
15044,104
15045,74
15046,55
15047,37
15048,25
15049,16
15050,11
15051,7
15052,4
15053,2
15054,1
15055,2
15056,5
15057,9
15058,13
15059,22
15060,39
15061,50
15062,57
15063,61
15064,64
15065,65
15066,64
15067,61
15068,58
15069,55
15070,52
15071,49
15072,46
15073,42
15074,38
15075,33
15076,29
15077,25
15078,21
15079,17
15080,14
15081,12
15082,11
15083,12
15084,13
15085,14
15086,16
15087,19
15088,23
15089,26
15090,32
15091,38
15092,44
15093,51
15094,58
15095,67
15096,70
15097,72
15098,74
15099,77
15100,75
15101,68
15102,61
15103,56
15104,50
15105,44
15106,36
15107,22
15108,1
15109,-17
15110,-30
15111,-43
15112,-50
15113,-55
15114,-58
15115,-61
15116,-65
15117,-68
15118,-71
15119,-74
15120,-79
15121,-86
15122,-92
15123,-98
15124,-108
15125,-124
15126,-142
15127,-160
15128,-191
15129,-211
15130,-217
15131,-194
15132,-125
15133,25
15134,246
15135,506
15136,756
15137,939
15138,1003
15139,937
15140,766
15141,551
15142,351
15143,201
15144,100
15145,28
15146,-26
15147,-59
15148,-77
15149,-92
15150,-110
15151,-133
15152,-153
15153,-163
15154,-168
15155,-171
15156,-174
15157,-177
15158,-180
15159,-182
15160,-185
15161,-188
15162,-192
15163,-198
15164,-208
15165,-212
15166,-213
15167,-214
15168,-215
15169,-215
15170,-209
15171,-205
15172,-202
15173,-199
15174,-194
15175,-188
15176,-180
15177,-171
15178,-160
15179,-149
15180,-140
15181,-134
15182,-129
15183,-125
15184,-122
15185,-118
15186,-115
15187,-112
15188,-109
15189,-105
15190,-99
15191,-96
15192,-100
15193,-107
15194,-120
15195,-135
15196,-144
15197,-149
15198,-153
15199,-154
15200,-153
15201,-150
15202,-146
15203,-133
15204,-104
15205,-77
15206,-69
15207,-65
15208,-61
15209,-56
15210,-53
15211,-50
15212,-45
15213,-40
15214,-34
15215,-28
15216,-21
15217,-6
15218,10
15219,17
15220,21
15221,24
15222,26
15223,28
15224,31
15225,34
15226,37
15227,40
15228,43
15229,49
15230,57
15231,62
15232,57
15233,47
15234,40
15235,32
15236,26
15237,23
15238,21
15239,19
15240,15
15241,17
15242,29
15243,36
15244,41
15245,45
15246,48
15247,50
15248,51
15249,50
15250,48
15251,44
15252,39
15253,28
15254,13
15255,7
15256,4
15257,0
15258,-2
15259,-3
15260,-4
15261,-4
15262,-4
15263,-4
15264,-4
15265,-3
15266,-2
15267,0
15268,3
15269,7
15270,12
15271,22
15272,42
15273,55
15274,60
15275,68
15276,79
15277,99
15278,160
15279,286
15280,465
15281,671
15282,850
15283,940
15284,908
15285,760
15286,552
15287,361
15288,237
15289,208
15290,209
15291,233
15292,234
15293,199
15294,128
15295,51
15296,-7
15297,-30
15298,-34
15299,-37
15300,-39
15301,-40
15302,-41
15303,-42
15304,-43
15305,-44
15306,-46
15307,-49
15308,-51
15309,-52
15310,-52
15311,-53
15312,-54
15313,-56
15314,-59
15315,-63
15316,-74
15317,-92
15318,-100
15319,-105
15320,-108
15321,-103
15322,-92
15323,-79
15324,-63
15325,-47
15326,-40
15327,-36
15328,-33
15329,-31
15330,-29
15331,-27
15332,-25
15333,-23
15334,-22
15335,-20
15336,-18
15337,-16
15338,-15
15339,-14
15340,-13
15341,-11
15342,-9
15343,-6
15344,0
15345,13
15346,29
15347,38
15348,43
15349,47
15350,51
15351,54
15352,58
15353,62
15354,67
15355,71
15356,76
15357,83
15358,92
15359,99
15360,99
15361,94
15362,88
15363,84
15364,79
15365,75
15366,72
15367,70
15368,69
15369,68
15370,67
15371,65
15372,63
15373,61
15374,61
15375,62
15376,65
15377,69
15378,74
15379,86
15380,98
15381,102
15382,105
15383,107
15384,103
15385,93
15386,81
15387,69
15388,59
15389,53
15390,49
15391,46
15392,43
15393,40
15394,39
15395,38
15396,37
15397,37
15398,36
15399,34
15400,33
15401,33
15402,33
15403,34
15404,36
15405,38
15406,41
15407,45
15408,44
15409,32
15410,22
15411,13
15412,7
15413,6
15414,10
15415,16
15416,22
15417,29
15418,36
15419,44
15420,58
15421,75
15422,86
15423,93
15424,95
15425,91
15426,82
15427,74
15428,64
15429,57
15430,51
15431,40
15432,25
15433,18
15434,16
15435,14
15436,12
15437,10
15438,8
15439,7
15440,6
15441,5
15442,4
15443,3
15444,3
15445,2
15446,3
15447,4
15448,5
15449,6
15450,8
15451,9
15452,11
15453,13
15454,15
15455,17
15456,19
15457,21
15458,27
15459,39
15460,44
15461,46
15462,48
15463,49
15464,50
15465,52
15466,53
15467,55
15468,56
15469,58
15470,59
15471,63
15472,75
15473,100
15474,145
15475,231
15476,369
15477,549
15478,739
15479,888
15480,958
15481,935
15482,818
15483,637
15484,442
15485,281
15486,178
15487,144
15488,133
15489,123
15490,115
15491,88
15492,44
15493,4
15494,-23
15495,-39
15496,-47
15497,-51
15498,-55
15499,-57
15500,-58
15501,-58
15502,-57
15503,-56
15504,-54
15505,-53
15506,-51
15507,-46
15508,-53
15509,-58
15510,-61
15511,-64
15512,-67
15513,-69
15514,-70
15515,-71
15516,-72
15517,-75
15518,-77
15519,-80
15520,-82
15521,-84
15522,-85
15523,-88
15524,-92
15525,-87
15526,-82
15527,-77
15528,-76
15529,-82
15530,-85
15531,-88
15532,-91
15533,-94
15534,-95
15535,-95
15536,-94
15537,-92
15538,-90
15539,-87
15540,-83
15541,-79
15542,-71
15543,-63
15544,-55
15545,-47
15546,-37
15547,-26
15548,-17
15549,-8
15550,-1
15551,3
15552,11
15553,27
15554,39
15555,45
15556,50
15557,53
15558,54
15559,52
15560,47
15561,41
15562,30
15563,18
15564,14
15565,11
15566,20
15567,27
15568,31
15569,34
15570,36
15571,36
15572,33
15573,29
15574,23
15575,13
15576,-4
15577,-13
15578,-16
15579,-19
15580,-22
15581,-24
15582,-26
15583,-28
15584,-29
15585,-30
15586,-31
15587,-31
15588,-32
15589,-32
15590,-32
15591,-32
15592,-32
15593,-34
15594,-37
15595,-36
15596,-26
15597,-16
15598,-6
15599,1
15600,8
15601,16
15602,26
15603,32
15604,36
15605,40
15606,43
15607,45
15608,47
15609,48
15610,49
15611,51
15612,54
15613,53
15614,48
15615,44
15616,40
15617,36
15618,31
15619,25
15620,15
15621,6
15622,3
15623,0
15624,7
15625,12
15626,15
15627,17
15628,19
15629,21
15630,22
15631,24
15632,25
15633,26
15634,28
15635,31
15636,34
15637,41
15638,53
15639,60
15640,66
15641,65
15642,57
15643,50
15644,46
15645,42
15646,38
15647,34
15648,29
15649,19
15650,3
15651,-7
15652,-16
15653,-20
15654,-25
15655,-28
15656,-24
15657,-15
15658,-15
15659,-32
15660,-45
15661,-33
15662,42
15663,220
15664,480
15665,770
15666,1016
15667,1145
15668,1120
15669,968
15670,750
15671,523
15672,330
15673,188
15674,105
15675,71
15676,58
15677,50
15678,39
15679,23
15680,9
15681,1
15682,-2
15683,-2
15684,-2
15685,-3
15686,-3
15687,8
15688,22
15689,33
15690,34
15691,26
15692,15
15693,1
15694,-12
15695,-26
15696,-40
15697,-54
15698,-69
15699,-78
15700,-71
15701,-50
15702,-22
15703,4
15704,28
15705,43
15706,53
15707,60
15708,63
15709,61
15710,55
15711,38
15712,7
15713,-26
15714,-55
15715,-67
15716,-74
15717,-79
15718,-79
15719,-72
15720,-62
15721,-46
15722,-28
15723,-9
15724,2
15725,8
15726,11
15727,15
15728,17
15729,20
15730,22
15731,24
15732,27
15733,32
15734,31
15735,23
15736,15
15737,7
15738,6
15739,13
15740,19
15741,23
15742,27
15743,33
15744,41
15745,50
15746,59
15747,68
15748,76
15749,81
15750,82
15751,82
15752,83
15753,83
15754,84
15755,84
15756,81
15757,73
15758,60
15759,43
15760,28
15761,12
15762,-4
15763,-19
15764,-26
15765,-31
15766,-34
15767,-35
15768,-35
15769,-32
15770,-26
15771,-20
15772,-13
15773,-3
15774,5
15775,13
15776,21
15777,30
15778,36
15779,40
15780,44
15781,49
15782,51
15783,48
15784,40
15785,29
15786,13
15787,1
15788,-5
15789,-8
15790,-5
15791,2
15792,8
15793,14
15794,20
15795,27
15796,35
15797,40
15798,45
15799,50
15800,53
15801,55
15802,55
15803,53
15804,49
15805,45
15806,40
15807,35
15808,27
15809,18
15810,7
15811,1
15812,-2
15813,-6
15814,-10
15815,-12
15816,-15
15817,-16
15818,-16
15819,-15
15820,-13
15821,-12
15822,-10
15823,-8
15824,-5
15825,-1
15826,3
15827,7
15828,13
15829,29
15830,77
15831,167
15832,313
15833,506
15834,715
15835,890
15836,973
15837,927
15838,765
15839,546
15840,344
15841,209
15842,148
15843,125
15844,103
15845,67
15846,16
15847,-31
15848,-49
15849,-56
15850,-56
15851,-49
15852,-43
15853,-38
15854,-35
15855,-35
15856,-40
15857,-47
15858,-56
15859,-67
15860,-76
15861,-87
15862,-104
15863,-121
15864,-133
15865,-140
15866,-145
15867,-149
15868,-152
15869,-153
15870,-151
15871,-146
15872,-140
15873,-136
15874,-132
15875,-128
15876,-124
15877,-120
15878,-116
15879,-113
15880,-108
15881,-99
15882,-82
15883,-70
15884,-61
15885,-53
15886,-48
15887,-44
15888,-40
15889,-39
15890,-39
15891,-42
15892,-45
15893,-48
15894,-50
15895,-53
15896,-55
15897,-56
15898,-56
15899,-55
15900,-55
15901,-53
15902,-49
15903,-44
15904,-23
15905,2
15906,34
15907,53
15908,62
15909,67
15910,71
15911,74
15912,75
15913,75
15914,75
15915,75
15916,75
15917,74
15918,74
15919,73
15920,71
15921,69
15922,66
15923,64
15924,61
15925,58
15926,56
15927,52
15928,49
15929,46
15930,43
15931,39
15932,34
15933,28
15934,16
15935,16
15936,26
15937,52
15938,129
15939,238
15940,387
15941,574
15942,777
15943,948
15944,1007
15945,991
15946,851
15947,625
15948,391
15949,208
15950,131
15951,105
15952,111
15953,119
15954,125
15955,111
15956,64
15957,17
15958,-30
15959,-47
15960,-54
15961,-59
15962,-43
15963,-30
15964,-23
15965,-17
15966,-13
15967,-11
15968,-13
15969,-17
15970,-24
15971,-31
15972,-38
15973,-49
15974,-54
15975,-50
15976,-43
15977,-38
15978,-33
15979,-28
15980,-22
15981,-15
15982,-9
15983,-5
15984,-3
15985,-1
15986,0
15987,2
15988,3
15989,4
15990,5
15991,7
15992,10
15993,13
15994,16
15995,17
15996,18
15997,19
15998,20
15999,22
16000,24
16001,33
16002,58
16003,70
16004,74
16005,79
16006,84
16007,88
16008,92
16009,95
16010,98
16011,99
16012,100
16013,100
16014,100
16015,99
16016,97
16017,96
16018,94
16019,92
16020,91
16021,89
16022,87
16023,84
16024,79
16025,67
16026,57
16027,45
16028,30
16029,13
16030,-3
16031,-22
16032,-38
16033,-48
16034,-55
16035,-58
16036,-53
16037,-46
16038,-41
16039,-38
16040,-34
16041,-32
16042,-30
16043,-29
16044,-28
16045,-29
16046,-29
16047,-31
16048,-33
16049,-35
16050,-38
16051,-42
16052,-47
16053,-56
16054,-61
16055,-58
16056,-50
16057,-39
16058,-18
16059,-4
16060,3
16061,9
16062,12
16063,12
16064,10
16065,5
16066,0
16067,-10
16068,-26
16069,-34
16070,-38
16071,-41
16072,-44
16073,-47
16074,-50
16075,-53
16076,-59
16077,-67
16078,-67
16079,-58
16080,-45
16081,-29
16082,-21
16083,-17
16084,-14
16085,-13
16086,-15
16087,-20
16088,-25
16089,-30
16090,-38
16091,-43
16092,-39
16093,-31
16094,-18
16095,1
16096,16
16097,25
16098,30
16099,30
16100,25
16101,18
16102,7
16103,-9
16104,-26
16105,-27
16106,-3
16107,79
16108,227
16109,433
16110,670
16111,893
16112,1029
16113,1038
16114,949
16115,733
16116,500
16117,320
16118,220
16119,188
16120,175
16121,167
16122,147
16123,101
16124,40
16125,-18
16126,-64
16127,-85
16128,-92
16129,-95
16130,-91
16131,-83
16132,-76
16133,-69
16134,-63
16135,-57
16136,-52
16137,-47
16138,-42
16139,-37
16140,-32
16141,-29
16142,-26
16143,-25
16144,-23
16145,-22
16146,-20
16147,-19
16148,-17
16149,-16
16150,-15
16151,-14
16152,-13
16153,-12
16154,-11
16155,-11
16156,-11
16157,-10
16158,-8
16159,-6
16160,-4
16161,-3
16162,-4
16163,-7
16164,-12
16165,-17
16166,-21
16167,-27
16168,-32
16169,-37
16170,-40
16171,-42
16172,-45
16173,-49
16174,-52
16175,-48
16176,-39
16177,-24
16178,-5
16179,6
16180,16
16181,29
16182,39
16183,45
16184,50
16185,55
16186,59
16187,63
16188,68
16189,78
16190,96
16191,106
16192,110
16193,114
16194,117
16195,119
16196,119
16197,118
16198,116
16199,114
16200,112
16201,109
16202,107
16203,104
16204,101
16205,98
16206,95
16207,93
16208,91
16209,89
16210,85
16211,77
16212,62
16213,46
16214,34
16215,27
16216,22
16217,27
16218,44
16219,82
16220,155
16221,275
16222,441
16223,631
16224,811
16225,911
16226,909
16227,801
16228,580
16229,346
16230,161
16231,53
16232,23
16233,13
16234,22
16235,32
16236,40
16237,42
16238,42
16239,43
16240,45
16241,45
16242,45
16243,44
16244,43
16245,43
16246,43
16247,43
16248,42
16249,42
16250,41
16251,40
16252,39
16253,37
16254,36
16255,33
16256,31
16257,28
16258,26
16259,22
16260,17
16261,9
16262,2
16263,-7
16264,-23
16265,-45
16266,-53
16267,-56
16268,-60
16269,-63
16270,-65
16271,-68
16272,-69
16273,-70
16274,-71
16275,-71
16276,-71
16277,-71
16278,-70
16279,-69
16280,-68
16281,-67
16282,-65
16283,-63
16284,-61
16285,-59
16286,-56
16287,-50
16288,-35
16289,-22
16290,-7
16291,9
16292,28
16293,43
16294,51
16295,58
16296,65
16297,70
16298,75
16299,80
16300,84
16301,86
16302,86
16303,84
16304,82
16305,79
16306,73
16307,64
16308,51
16309,29
16310,3
16311,-10
16312,-17
16313,-21
16314,-24
16315,-26
16316,-26
16317,-25
16318,-22
16319,-18
16320,-12
16321,-2
16322,12
16323,22
16324,29
16325,35
16326,40
16327,45
16328,47
16329,47
16330,43
16331,37
16332,28
16333,18
16334,14
16335,10
16336,7
16337,8
16338,18
16339,33
16340,49
16341,63
16342,77
16343,86
16344,91
16345,94
16346,90
16347,81
16348,68
16349,50
16350,38
16351,30
16352,23
16353,16
16354,11
16355,7
16356,3
16357,1
16358,-1
16359,-3
16360,-4
16361,-6
16362,-8
16363,-12
16364,-11
16365,0
16366,15
16367,30
16368,35
16369,39
16370,41
16371,42
16372,41
16373,40
16374,37
16375,33
16376,18
16377,-7
16378,-20
16379,-30
16380,-36
16381,-39
16382,-41
16383,-43
16384,-45
16385,-44
16386,-36
16387,-31
16388,-28
16389,-24
16390,-22
16391,-20
16392,-20
16393,-22
16394,-25
16395,-28
16396,-31
16397,-34
16398,-37
16399,-40
16400,-43
16401,-47
16402,-49
16403,-51
16404,-53
16405,-54
16406,-57
16407,-64
16408,-75
16409,-93
16410,-117
16411,-124
16412,-114
16413,-84
16414,-3
16415,125
16416,305
16417,520
16418,726
16419,874
16420,928
16421,873
16422,723
16423,516
16424,301
16425,125
16426,20
16427,-4
16428,-13
16429,-4
16430,7
16431,16
16432,9
16433,-9
16434,-54
16435,-108
16436,-155
16437,-169
16438,-175
16439,-165
16440,-137
16441,-108
16442,-82
16443,-59
16444,-48
16445,-41
16446,-36
16447,-44
16448,-52
16449,-58
16450,-58
16451,-52
16452,-46
16453,-40
16454,-40
16455,-47
16456,-52
16457,-56
16458,-59
16459,-62
16460,-62
16461,-61
16462,-58
16463,-55
16464,-51
16465,-46
16466,-40
16467,-36
16468,-39
16469,-47
16470,-69
16471,-92
16472,-105
16473,-115
16474,-122
16475,-130
16476,-136
16477,-142
16478,-148
16479,-155
16480,-161
16481,-167
16482,-166
16483,-158
16484,-148
16485,-133
16486,-108
16487,-81
