'sample #','ECG '
0,-18
1,-46
2,-86
3,-136
4,-191
5,-241
6,-293
7,-351
8,-386
9,-405
10,-414
11,-419
12,-423
13,-427
14,-432
15,-435
16,-438
17,-442
18,-447
19,-455
20,-469
21,-488
22,-509
23,-528
24,-546
25,-558
26,-567
27,-574
28,-582
29,-589
30,-596
31,-604
32,-617
33,-636
34,-654
35,-674
36,-692
37,-702
38,-709
39,-715
40,-720
41,-719
42,-711
43,-698
44,-686
45,-671
46,-657
47,-645
48,-632
49,-619
50,-607
51,-596
52,-587
53,-581
54,-575
55,-569
56,-563
57,-556
58,-550
59,-544
60,-539
61,-534
62,-529
63,-524
64,-520
65,-516
66,-512
67,-507
68,-501
69,-494
70,-485
71,-477
72,-469
73,-458
74,-443
75,-426
76,-411
77,-399
78,-387
79,-374
80,-362
81,-349
82,-336
83,-324
84,-314
85,-308
86,-302
87,-296
88,-291
89,-285
90,-281
91,-277
92,-273
93,-270
94,-267
95,-264
96,-262
97,-261
98,-260
99,-261
100,-262
101,-263
102,-265
103,-267
104,-270
105,-273
106,-276
107,-280
108,-286
109,-292
110,-295
111,-292
112,-284
113,-274
114,-262
115,-248
116,-234
117,-222
118,-215
119,-210
120,-206
121,-203
122,-200
123,-198
124,-195
125,-191
126,-189
127,-187
128,-185
129,-182
130,-177
131,-172
132,-163
133,-145
134,-130
135,-118
136,-108
137,-95
138,-80
139,-72
140,-67
141,-63
142,-59
143,-57
144,-54
145,-51
146,-49
147,-47
148,-46
149,-44
150,-43
151,-44
152,-44
153,-43
154,-41
155,-36
156,-28
157,-41
158,-79
159,-138
160,-204
161,-224
162,-231
163,-236
164,-219
165,-189
166,-161
167,-118
168,-51
169,18
170,72
171,103
172,113
173,99
174,75
175,52
176,20
177,-31
178,-79
179,-128
180,-156
181,-173
182,-183
183,-191
184,-194
185,-188
186,-173
187,-155
188,-137
189,-112
190,-100
191,-107
192,-122
193,-133
194,-146
195,-155
196,-159
197,-160
198,-162
199,-167
200,-166
201,-151
202,-127
203,-98
204,-51
205,1
206,62
207,88
208,104
209,114
210,97
211,46
212,-19
213,-90
214,-162
215,-230
216,-289
217,-334
218,-351
219,-352
220,-338
221,-298
222,-249
223,-203
224,-177
225,-152
226,-127
227,-101
228,-71
229,-47
230,-32
231,-21
232,-13
233,-10
234,-9
235,-8
236,-6
237,-5
238,-4
239,-3
240,-2
241,-1
242,0
243,0
244,0
245,-1
246,-2
247,-3
248,-3
249,-3
250,-2
251,-1
252,0
253,1
254,4
255,8
256,12
257,15
258,18
259,24
260,42
261,61
262,71
263,78
264,83
265,88
266,94
267,100
268,106
269,110
270,114
271,119
272,128
273,144
274,159
275,166
276,169
277,173
278,176
279,180
280,184
281,187
282,191
283,193
284,196
285,198
286,200
287,202
288,204
289,208
290,213
291,216
292,218
293,217
294,214
295,209
296,203
297,193
298,177
299,160
300,148
301,141
302,136
303,130
304,124
305,118
306,112
307,104
308,93
309,76
310,60
311,45
312,30
313,22
314,19
315,17
316,15
317,13
318,12
319,10
320,9
321,8
322,7
323,6
324,5
325,5
326,5
327,6
328,6
329,7
330,8
331,9
332,10
333,12
334,14
335,17
336,19
337,22
338,25
339,28
340,30
341,33
342,36
343,40
344,44
345,49
346,55
347,60
348,64
349,68
350,71
351,76
352,81
353,91
354,110
355,122
356,128
357,132
358,136
359,140
360,142
361,143
362,142
363,138
364,132
365,125
366,118
367,110
368,99
369,88
370,78
371,68
372,61
373,54
374,47
375,43
376,40
377,40
378,42
379,46
380,51
381,56
382,61
383,67
384,73
385,80
386,87
387,96
388,103
389,109
390,114
391,119
392,124
393,128
394,131
395,134
396,136
397,138
398,140
399,141
400,142
401,142
402,142
403,141
404,142
405,142
406,143
407,143
408,144
409,144
410,144
411,145
412,145
413,146
414,148
415,149
416,151
417,152
418,154
419,155
420,157
421,158
422,160
423,162
424,164
425,166
426,169
427,172
428,175
429,179
430,183
431,186
432,190
433,192
434,195
435,198
436,200
437,203
438,207
439,213
440,219
441,225
442,228
443,226
444,221
445,213
446,205
447,197
448,186
449,175
450,165
451,157
452,149
453,141
454,131
455,122
456,112
457,103
458,94
459,85
460,76
461,67
462,58
463,49
464,40
465,32
466,23
467,15
468,4
469,-7
470,-15
471,-20
472,-25
473,-32
474,-31
475,-18
476,16
477,67
478,138
479,224
480,315
481,397
482,439
483,437
484,384
485,266
486,117
487,-35
488,-160
489,-225
490,-246
491,-225
492,-190
493,-155
494,-143
495,-139
496,-136
497,-133
498,-131
499,-128
500,-124
501,-121
502,-118
503,-115
504,-113
505,-112
506,-111
507,-110
508,-111
509,-111
510,-113
511,-114
512,-116
513,-118
514,-120
515,-121
516,-123
517,-125
518,-127
519,-129
520,-132
521,-135
522,-139
523,-143
524,-148
525,-152
526,-157
527,-162
528,-165
529,-168
530,-169
531,-170
532,-170
533,-171
534,-171
535,-171
536,-171
537,-171
538,-171
539,-173
540,-170
541,-155
542,-140
543,-127
544,-116
545,-107
546,-102
547,-98
548,-94
549,-90
550,-87
551,-83
552,-79
553,-74
554,-68
555,-62
556,-56
557,-49
558,-42
559,-33
560,-23
561,-16
562,-14
563,-13
564,-12
565,-10
566,-8
567,-7
568,-9
569,-25
570,-39
571,-52
572,-64
573,-75
574,-89
575,-105
576,-127
577,-146
578,-159
579,-171
580,-182
581,-191
582,-195
583,-197
584,-199
585,-202
586,-204
587,-206
588,-207
589,-208
590,-209
591,-210
592,-211
593,-211
594,-211
595,-211
596,-211
597,-210
598,-210
599,-210
600,-211
601,-211
602,-211
603,-210
604,-210
605,-210
606,-208
607,-207
608,-205
609,-204
610,-202
611,-201
612,-199
613,-197
614,-195
615,-193
616,-190
617,-187
618,-181
619,-173
620,-164
621,-156
622,-147
623,-137
624,-128
625,-117
626,-107
627,-99
628,-93
629,-87
630,-80
631,-72
632,-64
633,-55
634,-45
635,-37
636,-30
637,-24
638,-18
639,-10
640,-3
641,3
642,9
643,17
644,24
645,29
646,32
647,35
648,38
649,40
650,41
651,42
652,44
653,45
654,47
655,48
656,50
657,52
658,55
659,58
660,61
661,65
662,68
663,71
664,75
665,79
666,83
667,88
668,92
669,95
670,97
671,98
672,98
673,97
674,96
675,94
676,90
677,86
678,81
679,76
680,69
681,56
682,44
683,31
684,12
685,-19
686,-38
687,-47
688,-54
689,-60
690,-63
691,-64
692,-63
693,-61
694,-56
695,-49
696,-43
697,-35
698,-22
699,-10
700,0
701,13
702,29
703,49
704,61
705,69
706,76
707,82
708,88
709,94
710,99
711,104
712,110
713,118
714,126
715,130
716,133
717,135
718,136
719,138
720,140
721,141
722,142
723,139
724,133
725,125
726,117
727,110
728,100
729,91
730,84
731,82
732,80
733,79
734,78
735,76
736,79
737,96
738,108
739,117
740,125
741,134
742,143
743,152
744,159
745,165
746,171
747,176
748,181
749,186
750,189
751,192
752,195
753,201
754,227
755,279
756,359
757,461
758,574
759,683
760,746
761,767
762,741
763,663
764,533
765,398
766,292
767,252
768,242
769,235
770,230
771,227
772,224
773,223
774,223
775,225
776,228
777,233
778,237
779,243
780,249
781,254
782,259
783,265
784,270
785,277
786,282
787,286
788,289
789,291
790,292
791,294
792,295
793,296
794,296
795,296
796,296
797,296
798,296
799,297
800,298
801,298
802,299
803,300
804,300
805,300
806,300
807,299
808,299
809,298
810,297
811,296
812,295
813,293
814,291
815,289
816,287
817,285
818,284
819,282
820,280
821,279
822,277
823,275
824,273
825,271
826,268
827,264
828,260
829,255
830,251
831,247
832,243
833,240
834,238
835,235
836,231
837,227
838,222
839,214
840,206
841,202
842,203
843,207
844,210
845,213
846,217
847,220
848,220
849,212
850,199
851,179
852,144
853,113
854,91
855,75
856,62
857,51
858,37
859,20
860,7
861,-3
862,-12
863,-19
864,-24
865,-29
866,-33
867,-37
868,-40
869,-43
870,-47
871,-50
872,-54
873,-60
874,-65
875,-70
876,-73
877,-76
878,-78
879,-80
880,-82
881,-84
882,-86
883,-88
884,-90
885,-92
886,-94
887,-96
888,-98
889,-100
890,-102
891,-104
892,-107
893,-110
894,-114
895,-118
896,-123
897,-128
898,-137
899,-147
900,-154
901,-159
902,-162
903,-165
904,-167
905,-169
906,-171
907,-172
908,-174
909,-176
910,-177
911,-179
912,-181
913,-184
914,-187
915,-191
916,-195
917,-199
918,-204
919,-210
920,-220
921,-230
922,-239
923,-247
924,-253
925,-259
926,-263
927,-267
928,-270
929,-274
930,-277
931,-281
932,-285
933,-289
934,-293
935,-299
936,-307
937,-321
938,-335
939,-348
940,-356
941,-363
942,-369
943,-374
944,-379
945,-385
946,-390
947,-395
948,-400
949,-404
950,-408
951,-411
952,-414
953,-417
954,-421
955,-424
956,-427
957,-430
958,-433
959,-435
960,-436
961,-435
962,-434
963,-432
964,-430
965,-427
966,-423
967,-419
968,-414
969,-409
970,-402
971,-396
972,-383
973,-354
974,-337
975,-315
976,-288
977,-263
978,-234
979,-210
980,-194
981,-182
982,-172
983,-161
984,-148
985,-129
986,-109
987,-90
988,-73
989,-50
990,-22
991,3
992,30
993,57
994,88
995,115
996,135
997,155
998,175
999,195
1000,217
1001,240
1002,263
1003,286
1004,300
1005,310
1006,318
1007,324
1008,326
1009,324
1010,319
1011,312
1012,303
1013,293
1014,278
1015,264
1016,250
1017,238
1018,228
1019,219
1020,209
1021,199
1022,189
1023,183
1024,176
1025,171
1026,166
1027,162
1028,160
1029,160
1030,161
1031,164
1032,169
1033,176
1034,185
1035,203
1036,232
1037,273
1038,329
1039,406
1040,509
1041,641
1042,794
1043,952
1044,1087
1045,1155
1046,1155
1047,1083
1048,921
1049,717
1050,514
1051,343
1052,221
1053,155
1054,119
1055,94
1056,75
1057,49
1058,32
1059,21
1060,12
1061,6
1062,2
1063,2
1064,5
1065,9
1066,16
1067,25
1068,43
1069,73
1070,100
1071,133
1072,173
1073,208
1074,259
1075,306
1076,362
1077,399
1078,441
1079,479
1080,514
1081,549
1082,575
1083,595
1084,611
1085,626
1086,642
1087,659
1088,677
1089,695
1090,711
1091,725
1092,736
1093,750
1094,768
1095,797
1096,837
1097,878
1098,922
1099,968
1100,1013
1101,1056
1102,1099
1103,1141
1104,1180
1105,1215
1106,1246
1107,1269
1108,1285
1109,1298
1110,1306
1111,1313
1112,1318
1113,1320
1114,1316
1115,1306
1116,1295
1117,1285
1118,1275
1119,1265
1120,1256
1121,1249
1122,1242
1123,1235
1124,1229
1125,1223
1126,1216
1127,1209
1128,1200
1129,1191
1130,1179
1131,1166
1132,1152
1133,1138
1134,1123
1135,1104
1136,1079
1137,1056
1138,1036
1139,1018
1140,1006
1141,996
1142,988
1143,981
1144,976
1145,971
1146,970
1147,971
1148,973
1149,976
1150,979
1151,983
1152,990
1153,988
1154,967
1155,936
1156,900
1157,869
1158,838
1159,808
1160,776
1161,742
1162,707
1163,676
1164,653
1165,629
1166,598
1167,563
1168,533
1169,504
1170,475
1171,446
1172,416
1173,382
1174,351
1175,329
1176,306
1177,283
1178,260
1179,235
1180,216
1181,201
1182,188
1183,176
1184,165
1185,158
1186,152
1187,147
1188,143
1189,140
1190,140
1191,142
1192,147
1193,153
1194,160
1195,167
1196,173
1197,183
1198,192
1199,198
1200,199
1201,194
1202,184
1203,172
1204,155
1205,129
1206,100
1207,69
1208,39
1209,14
1210,-10
1211,-35
1212,-56
1213,-77
1214,-98
1215,-119
1216,-140
1217,-162
1218,-183
1219,-210
1220,-246
1221,-283
1222,-323
1223,-365
1224,-410
1225,-459
1226,-508
1227,-557
1228,-603
1229,-649
1230,-694
1231,-738
1232,-780
1233,-820
1234,-856
1235,-889
1236,-925
1237,-952
1238,-969
1239,-984
1240,-998
1241,-1012
1242,-1026
1243,-1041
1244,-1057
1245,-1075
1246,-1098
1247,-1123
1248,-1148
1249,-1173
1250,-1204
1251,-1231
1252,-1254
1253,-1276
1254,-1297
1255,-1307
1256,-1313
1257,-1319
1258,-1324
1259,-1328
1260,-1332
1261,-1335
1262,-1337
1263,-1340
1264,-1342
1265,-1344
1266,-1344
1267,-1344
1268,-1343
1269,-1342
1270,-1339
1271,-1336
1272,-1332
1273,-1328
1274,-1324
1275,-1320
1276,-1316
1277,-1312
1278,-1308
1279,-1304
1280,-1299
1281,-1292
1282,-1283
1283,-1274
1284,-1266
1285,-1258
1286,-1250
1287,-1241
1288,-1231
1289,-1221
1290,-1209
1291,-1196
1292,-1180
1293,-1165
1294,-1156
1295,-1150
1296,-1145
1297,-1141
1298,-1139
1299,-1137
1300,-1135
1301,-1134
1302,-1132
1303,-1130
1304,-1127
1305,-1124
1306,-1123
1307,-1122
1308,-1121
1309,-1120
1310,-1119
1311,-1118
1312,-1115
1313,-1112
1314,-1105
1315,-1091
1316,-1076
1317,-1063
1318,-1049
1319,-1039
1320,-1031
1321,-1025
1322,-1018
1323,-1012
1324,-1007
1325,-1002
1326,-997
1327,-988
1328,-968
1329,-929
1330,-889
1331,-847
1332,-770
1333,-674
1334,-552
1335,-414
1336,-268
1337,-140
1338,-71
1339,-47
1340,-79
1341,-176
1342,-319
1343,-461
1344,-551
1345,-584
1346,-595
1347,-586
1348,-569
1349,-557
1350,-547
1351,-537
1352,-527
1353,-517
1354,-508
1355,-496
1356,-479
1357,-454
1358,-427
1359,-405
1360,-386
1361,-372
1362,-359
1363,-346
1364,-332
1365,-316
1366,-298
1367,-280
1368,-263
1369,-243
1370,-218
1371,-206
1372,-199
1373,-192
1374,-186
1375,-182
1376,-178
1377,-175
1378,-173
1379,-171
1380,-168
1381,-166
1382,-164
1383,-163
1384,-162
1385,-161
1386,-160
1387,-159
1388,-157
1389,-155
1390,-152
1391,-146
1392,-139
1393,-131
1394,-121
1395,-110
1396,-101
1397,-94
1398,-87
1399,-80
1400,-73
1401,-66
1402,-58
1403,-51
1404,-43
1405,-33
1406,-22
1407,-11
1408,-2
1409,6
1410,14
1411,20
1412,25
1413,30
1414,35
1415,40
1416,46
1417,52
1418,60
1419,67
1420,77
1421,90
1422,110
1423,131
1424,155
1425,170
1426,182
1427,193
1428,202
1429,209
1430,214
1431,217
1432,219
1433,221
1434,222
1435,223
1436,223
1437,222
1438,223
1439,223
1440,224
1441,226
1442,229
1443,232
1444,237
1445,243
1446,250
1447,258
1448,267
1449,276
1450,286
1451,296
1452,308
1453,322
1454,334
1455,344
1456,350
1457,350
1458,345
1459,336
1460,325
1461,313
1462,301
1463,292
1464,282
1465,272
1466,258
1467,248
1468,240
1469,233
1470,227
1471,222
1472,219
1473,215
1474,212
1475,209
1476,206
1477,204
1478,201
1479,196
1480,192
1481,188
1482,186
1483,187
1484,193
1485,203
1486,214
1487,225
1488,235
1489,244
1490,252
1491,259
1492,265
1493,271
1494,277
1495,284
1496,290
1497,295
1498,300
1499,305
1500,311
1501,319
1502,331
1503,355
1504,378
1505,400
1506,416
1507,430
1508,442
1509,453
1510,463
1511,474
1512,483
1513,492
1514,501
1515,511
1516,522
1517,533
1518,544
1519,553
1520,560
1521,566
1522,572
1523,578
1524,584
1525,590
1526,597
1527,604
1528,611
1529,617
1530,622
1531,626
1532,630
1533,635
1534,643
1535,651
1536,658
1537,665
1538,669
1539,670
1540,667
1541,660
1542,651
1543,640
1544,629
1545,618
1546,608
1547,599
1548,588
1549,576
1550,564
1551,553
1552,544
1553,538
1554,533
1555,528
1556,524
1557,519
1558,513
1559,503
1560,492
1561,478
1562,463
1563,444
1564,422
1565,400
1566,378
1567,360
1568,343
1569,328
1570,313
1571,299
1572,292
1573,287
1574,283
1575,280
1576,280
1577,280
1578,280
1579,279
1580,278
1581,278
1582,276
1583,274
1584,270
1585,268
1586,266
1587,262
1588,258
1589,254
1590,249
1591,241
1592,228
1593,202
1594,180
1595,159
1596,145
1597,134
1598,125
1599,118
1600,112
1601,105
1602,98
1603,92
1604,86
1605,80
1606,75
1607,71
1608,67
1609,61
1610,56
1611,53
1612,52
1613,53
1614,57
1615,62
1616,70
1617,78
1618,86
1619,95
1620,104
1621,115
1622,128
1623,141
1624,153
1625,167
1626,195
1627,246
1628,304
1629,360
1630,451
1631,538
1632,631
1633,669
1634,698
1635,695
1636,626
1637,508
1638,365
1639,221
1640,103
1641,37
1642,21
1643,10
1644,1
1645,-4
1646,-9
1647,-13
1648,-16
1649,-18
1650,-18
1651,-18
1652,-17
1653,-17
1654,-17
1655,-18
1656,-20
1657,-21
1658,-21
1659,-15
1660,-6
1661,4
1662,15
1663,21
1664,26
1665,29
1666,32
1667,33
1668,34
1669,35
1670,36
1671,36
1672,35
1673,32
1674,28
1675,24
1676,19
1677,14
1678,9
1679,5
1680,2
1681,0
1682,-4
1683,-7
1684,-11
1685,-14
1686,-20
1687,-26
1688,-33
1689,-38
1690,-44
1691,-48
1692,-53
1693,-57
1694,-61
1695,-67
1696,-73
1697,-80
1698,-89
1699,-104
1700,-121
1701,-140
1702,-160
1703,-180
1704,-200
1705,-218
1706,-235
1707,-248
1708,-257
1709,-263
1710,-268
1711,-273
1712,-278
1713,-282
1714,-287
1715,-292
1716,-297
1717,-302
1718,-308
1719,-316
1720,-326
1721,-336
1722,-350
1723,-367
1724,-385
1725,-404
1726,-425
1727,-450
1728,-481
1729,-507
1730,-529
1731,-539
1732,-546
1733,-553
1734,-560
1735,-567
1736,-574
1737,-581
1738,-586
1739,-590
1740,-591
1741,-591
1742,-590
1743,-590
1744,-589
1745,-587
1746,-585
1747,-580
1748,-575
1749,-568
1750,-560
1751,-553
1752,-546
1753,-539
1754,-533
1755,-527
1756,-521
1757,-517
1758,-512
1759,-507
1760,-502
1761,-497
1762,-494
1763,-489
1764,-484
1765,-479
1766,-473
1767,-465
1768,-458
1769,-450
1770,-441
1771,-433
1772,-424
1773,-415
1774,-406
1775,-397
1776,-388
1777,-378
1778,-369
1779,-359
1780,-352
1781,-346
1782,-339
1783,-331
1784,-322
1785,-311
1786,-300
1787,-289
1788,-278
1789,-268
1790,-260
1791,-252
1792,-246
1793,-240
1794,-236
1795,-232
1796,-229
1797,-226
1798,-224
1799,-224
1800,-224
1801,-224
1802,-226
1803,-228
1804,-231
1805,-232
1806,-231
1807,-229
1808,-225
1809,-221
1810,-215
1811,-209
1812,-201
1813,-194
1814,-187
1815,-178
1816,-170
1817,-162
1818,-157
1819,-154
1820,-153
1821,-153
1822,-153
1823,-154
1824,-154
1825,-155
1826,-156
1827,-156
1828,-155
1829,-153
1830,-150
1831,-147
1832,-142
1833,-136
1834,-129
1835,-123
1836,-117
1837,-112
1838,-108
1839,-104
1840,-101
1841,-101
1842,-102
1843,-103
1844,-104
1845,-104
1846,-103
1847,-101
1848,-99
1849,-96
1850,-93
1851,-90
1852,-87
1853,-84
1854,-79
1855,-72
1856,-65
1857,-57
1858,-49
1859,-44
1860,-39
1861,-36
1862,-34
1863,-33
1864,-31
1865,-29
1866,-27
1867,-24
1868,-21
1869,-18
1870,-14
1871,-11
1872,-7
1873,-2
1874,4
1875,10
1876,16
1877,21
1878,27
1879,33
1880,39
1881,45
1882,50
1883,54
1884,57
1885,59
1886,59
1887,59
1888,58
1889,56
1890,55
1891,54
1892,52
1893,49
1894,45
1895,42
1896,40
1897,40
1898,40
1899,39
1900,38
1901,35
1902,34
1903,33
1904,32
1905,32
1906,31
1907,29
1908,28
1909,25
1910,22
1911,23
1912,28
1913,36
1914,44
1915,54
1916,67
1917,81
1918,119
1919,198
1920,306
1921,414
1922,461
1923,493
1924,486
1925,392
1926,247
1927,92
1928,-45
1929,-109
1930,-138
1931,-153
1932,-161
1933,-164
1934,-158
1935,-136
1936,-106
1937,-78
1938,-61
1939,-47
1940,-35
1941,-25
1942,-15
1943,-6
1944,-3
1945,-2
1946,-3
1947,-3
1948,-4
1949,-6
1950,-7
1951,-7
1952,-6
1953,-4
1954,0
1955,3
1956,7
1957,12
1958,18
1959,23
1960,29
1961,35
1962,40
1963,45
1964,49
1965,55
1966,61
1967,68
1968,75
1969,82
1970,91
1971,103
1972,121
1973,152
1974,181
1975,209
1976,232
1977,251
1978,266
1979,281
1980,298
1981,314
1982,332
1983,350
1984,367
1985,384
1986,401
1987,417
1988,428
1989,437
1990,446
1991,454
1992,462
1993,469
1994,476
1995,484
1996,491
1997,498
1998,505
1999,511
2000,518
2001,524
2002,531
2003,538
2004,543
2005,545
2006,545
2007,542
2008,537
2009,530
2010,524
2011,515
2012,504
2013,488
2014,459
2015,429
2016,404
2017,386
2018,371
2019,356
2020,343
2021,331
2022,320
2023,309
2024,297
2025,284
2026,271
2027,260
2028,253
2029,247
2030,243
2031,238
2032,234
2033,229
2034,222
2035,215
2036,208
2037,203
2038,200
2039,195
2040,189
2041,179
2042,162
2043,144
2044,126
2045,109
2046,93
2047,84
2048,78
2049,73
2050,69
2051,65
2052,59
2053,55
2054,52
2055,49
2056,46
2057,42
2058,41
2059,42
2060,41
2061,40
2062,37
2063,35
2064,33
2065,31
2066,27
2067,23
2068,19
2069,14
2070,9
2071,4
2072,0
2073,-3
2074,-7
2075,-12
2076,-17
2077,-20
2078,-22
2079,-24
2080,-28
2081,-29
2082,-28
2083,-28
2084,-28
2085,-30
2086,-29
2087,-25
2088,-21
2089,-17
2090,-13
2091,-9
2092,-9
2093,-14
2094,-18
2095,-21
2096,-23
2097,-26
2098,-29
2099,-31
2100,-34
2101,-37
2102,-42
2103,-46
2104,-49
2105,-53
2106,-56
2107,-59
2108,-64
2109,-70
2110,-79
2111,-87
2112,-92
2113,-92
2114,-89
2115,-85
2116,-80
2117,-76
2118,-71
2119,-65
2120,-57
2121,-49
2122,-43
2123,-38
2124,-35
2125,-35
2126,-34
2127,-33
2128,-32
2129,-31
2130,-32
2131,-30
2132,-28
2133,-25
2134,-23
2135,-21
2136,-18
2137,-16
2138,-14
2139,-10
2140,-6
2141,-5
2142,-5
2143,-7
2144,-7
2145,-6
2146,-3
2147,-2
2148,-3
2149,-4
2150,-7
2151,-7
2152,-6
2153,-5
2154,-4
2155,-7
2156,-11
2157,-15
2158,-16
2159,-16
2160,-16
2161,-18
2162,-19
2163,-19
2164,-18
2165,-16
2166,-13
2167,-10
2168,-7
2169,-5
2170,-3
2171,0
2172,1
2173,3
2174,3
2175,0
2176,-2
2177,-5
2178,-7
2179,-9
2180,-12
2181,-14
2182,-17
2183,-22
2184,-27
2185,-31
2186,-30
2187,-28
2188,-27
2189,-25
2190,-23
2191,-21
2192,-21
2193,-21
2194,-21
2195,-23
2196,-27
2197,-36
2198,-49
2199,-63
2200,-80
2201,-101
2202,-119
2203,-125
2204,-117
2205,-99
2206,-65
2207,-7
2208,92
2209,200
2210,309
2211,392
2212,420
2213,418
2214,380
2215,273
2216,123
2217,-25
2218,-146
2219,-211
2220,-235
2221,-250
2222,-255
2223,-255
2224,-251
2225,-244
2226,-233
2227,-223
2228,-215
2229,-209
2230,-205
2231,-199
2232,-193
2233,-187
2234,-181
2235,-176
2236,-170
2237,-167
2238,-165
2239,-161
2240,-156
2241,-149
2242,-143
2243,-139
2244,-136
2245,-134
2246,-131
2247,-128
2248,-121
2249,-115
2250,-110
2251,-105
2252,-98
2253,-88
2254,-76
2255,-61
2256,-46
2257,-34
2258,-23
2259,-12
2260,-1
2261,10
2262,22
2263,32
2264,41
2265,49
2266,58
2267,67
2268,75
2269,84
2270,95
2271,109
2272,123
2273,136
2274,147
2275,156
2276,165
2277,172
2278,176
2279,180
2280,182
2281,185
2282,190
2283,194
2284,198
2285,201
2286,203
2287,203
2288,204
2289,209
2290,216
2291,221
2292,222
2293,219
2294,217
2295,213
2296,207
2297,201
2298,197
2299,190
2300,178
2301,159
2302,143
2303,130
2304,117
2305,102
2306,87
2307,70
2308,57
2309,46
2310,37
2311,32
2312,26
2313,21
2314,17
2315,14
2316,11
2317,6
2318,0
2319,-6
2320,-13
2321,-19
2322,-23
2323,-25
2324,-26
2325,-31
2326,-35
2327,-39
2328,-40
2329,-39
2330,-37
2331,-34
2332,-36
2333,-38
2334,-40
2335,-42
2336,-41
2337,-39
2338,-38
2339,-40
2340,-41
2341,-43
2342,-44
2343,-45
2344,-44
2345,-43
2346,-42
2347,-40
2348,-38
2349,-35
2350,-33
2351,-30
2352,-25
2353,-20
2354,-17
2355,-14
2356,-10
2357,-7
2358,-5
2359,-3
2360,-2
2361,0
2362,0
2363,0
2364,1
2365,1
2366,1
2367,0
2368,0
2369,-1
2370,-1
2371,-2
2372,-2
2373,-1
2374,0
2375,1
2376,5
2377,9
2378,13
2379,17
2380,21
2381,24
2382,27
2383,30
2384,32
2385,34
2386,35
2387,36
2388,37
2389,39
2390,40
2391,40
2392,40
2393,39
2394,36
2395,32
2396,28
2397,24
2398,21
2399,19
2400,17
2401,15
2402,14
2403,11
2404,9
2405,6
2406,4
2407,1
2408,-1
2409,-4
2410,-8
2411,-11
2412,-14
2413,-18
2414,-22
2415,-27
2416,-31
2417,-36
2418,-41
2419,-45
2420,-48
2421,-52
2422,-56
2423,-59
2424,-62
2425,-63
2426,-64
2427,-66
2428,-67
2429,-68
2430,-67
2431,-65
2432,-63
2433,-60
2434,-57
2435,-54
2436,-50
2437,-47
2438,-43
2439,-39
2440,-34
2441,-28
2442,-24
2443,-19
2444,-15
2445,-12
2446,-9
2447,-6
2448,-3
2449,0
2450,0
2451,1
2452,1
2453,0
2454,-1
2455,-5
2456,-11
2457,-16
2458,-21
2459,-26
2460,-31
2461,-40
2462,-60
2463,-80
2464,-100
2465,-121
2466,-147
2467,-173
2468,-199
2469,-224
2470,-247
2471,-269
2472,-288
2473,-299
2474,-306
2475,-310
2476,-314
2477,-318
2478,-324
2479,-330
2480,-336
2481,-341
2482,-346
2483,-350
2484,-356
2485,-363
2486,-371
2487,-377
2488,-379
2489,-380
2490,-377
2491,-372
2492,-364
2493,-353
2494,-331
2495,-290
2496,-222
2497,-135
2498,-34
2499,70
2500,160
2501,191
2502,176
2503,131
2504,12
2505,-130
2506,-267
2507,-367
2508,-401
2509,-413
2510,-421
2511,-426
2512,-429
2513,-427
2514,-419
2515,-409
2516,-400
2517,-394
2518,-390
2519,-386
2520,-382
2521,-377
2522,-373
2523,-368
2524,-365
2525,-364
2526,-362
2527,-358
2528,-356
2529,-354
2530,-351
2531,-348
2532,-345
2533,-343
2534,-340
2535,-337
2536,-333
2537,-330
2538,-327
2539,-323
2540,-318
2541,-312
2542,-308
2543,-303
2544,-298
2545,-292
2546,-287
2547,-282
2548,-275
2549,-268
2550,-262
2551,-256
2552,-250
2553,-244
2554,-238
2555,-234
2556,-229
2557,-223
2558,-216
2559,-208
2560,-201
2561,-193
2562,-186
2563,-178
2564,-170
2565,-161
2566,-151
2567,-141
2568,-130
2569,-120
2570,-113
2571,-107
2572,-100
2573,-94
2574,-90
2575,-85
2576,-81
2577,-77
2578,-74
2579,-73
2580,-70
2581,-67
2582,-65
2583,-62
2584,-58
2585,-53
2586,-50
2587,-48
2588,-48
2589,-49
2590,-51
2591,-56
2592,-63
2593,-71
2594,-78
2595,-88
2596,-105
2597,-120
2598,-133
2599,-146
2600,-160
2601,-173
2602,-184
2603,-189
2604,-193
2605,-198
2606,-202
2607,-204
2608,-206
2609,-207
2610,-207
2611,-205
2612,-201
2613,-196
2614,-190
2615,-184
2616,-179
2617,-175
2618,-173
2619,-172
2620,-170
2621,-169
2622,-169
2623,-168
2624,-167
2625,-165
2626,-165
2627,-166
2628,-166
2629,-159
2630,-158
2631,-157
2632,-155
2633,-154
2634,-152
2635,-150
2636,-148
2637,-146
2638,-144
2639,-141
2640,-138
2641,-136
2642,-133
2643,-130
2644,-128
2645,-126
2646,-124
2647,-123
2648,-122
2649,-121
2650,-120
2651,-118
2652,-116
2653,-114
2654,-112
2655,-109
2656,-106
2657,-103
2658,-100
2659,-98
2660,-95
2661,-93
2662,-91
2663,-90
2664,-87
2665,-84
2666,-80
2667,-75
2668,-70
2669,-66
2670,-61
2671,-57
2672,-54
2673,-52
2674,-51
2675,-51
2676,-50
2677,-50
2678,-48
2679,-47
2680,-44
2681,-42
2682,-39
2683,-35
2684,-32
2685,-29
2686,-26
2687,-22
2688,-15
2689,-1
2690,25
2691,51
2692,77
2693,103
2694,132
2695,155
2696,170
2697,182
2698,194
2699,199
2700,202
2701,204
2702,205
2703,206
2704,208
2705,210
2706,211
2707,214
2708,218
2709,222
2710,225
2711,229
2712,233
2713,236
2714,239
2715,242
2716,244
2717,248
2718,251
2719,255
2720,259
2721,263
2722,267
2723,269
2724,271
2725,271
2726,270
2727,267
2728,263
2729,258
2730,254
2731,249
2732,244
2733,240
2734,237
2735,235
2736,233
2737,232
2738,230
2739,229
2740,227
2741,224
2742,221
2743,218
2744,215
2745,213
2746,211
2747,209
2748,207
2749,204
2750,201
2751,197
2752,189
2753,174
2754,158
2755,142
2756,129
2757,119
2758,110
2759,102
2760,94
2761,87
2762,81
2763,76
2764,73
2765,69
2766,67
2767,64
2768,62
2769,59
2770,56
2771,53
2772,50
2773,48
2774,46
2775,43
2776,41
2777,38
2778,35
2779,29
2780,20
2781,15
2782,20
2783,31
2784,60
2785,111
2786,184
2787,274
2788,376
2789,475
2790,544
2791,566
2792,543
2793,473
2794,341
2795,193
2796,62
2797,-30
2798,-70
2799,-84
2800,-90
2801,-87
2802,-75
2803,-55
2804,-19
2805,3
2806,15
2807,23
2808,29
2809,35
2810,42
2811,48
2812,53
2813,58
2814,61
2815,63
2816,64
2817,66
2818,68
2819,71
2820,74
2821,76
2822,78
2823,79
2824,79
2825,80
2826,79
2827,79
2828,79
2829,79
2830,79
2831,80
2832,80
2833,82
2834,83
2835,84
2836,84
2837,85
2838,85
2839,86
2840,87
2841,87
2842,89
2843,90
2844,93
2845,96
2846,100
2847,105
2848,110
2849,114
2850,119
2851,124
2852,128
2853,133
2854,138
2855,143
2856,149
2857,155
2858,161
2859,167
2860,173
2861,177
2862,181
2863,183
2864,185
2865,187
2866,188
2867,190
2868,193
2869,195
2870,199
2871,201
2872,202
2873,202
2874,198
2875,192
2876,183
2877,174
2878,162
2879,144
2880,129
2881,117
2882,104
2883,88
2884,69
2885,55
2886,45
2887,35
2888,26
2889,16
2890,8
2891,0
2892,-6
2893,-13
2894,-20
2895,-27
2896,-34
2897,-42
2898,-51
2899,-58
2900,-62
2901,-63
2902,-64
2903,-65
2904,-65
2905,-65
2906,-65
2907,-65
2908,-65
2909,-64
2910,-62
2911,-60
2912,-57
2913,-54
2914,-51
2915,-49
2916,-47
2917,-45
2918,-43
2919,-42
2920,-39
2921,-37
2922,-36
2923,-36
2924,-35
2925,-35
2926,-35
2927,-34
2928,-34
2929,-33
2930,-33
2931,-32
2932,-30
2933,-28
2934,-26
2935,-24
2936,-23
2937,-22
2938,-22
2939,-21
2940,-21
2941,-21
2942,-21
2943,-20
2944,-19
2945,-19
2946,-19
2947,-20
2948,-22
2949,-25
2950,-28
2951,-30
2952,-32
2953,-33
2954,-34
2955,-36
2956,-38
2957,-40
2958,-41
2959,-42
2960,-42
2961,-42
2962,-42
2963,-41
2964,-39
2965,-37
2966,-34
2967,-31
2968,-29
2969,-28
2970,-26
2971,-25
2972,-25
2973,-24
2974,-24
2975,-24
2976,-24
2977,-24
2978,-23
2979,-22
2980,-21
2981,-20
2982,-19
2983,-19
2984,-19
2985,-19
2986,-19
2987,-19
2988,-19
2989,-20
2990,-20
2991,-20
2992,-19
2993,-18
2994,-17
2995,-16
2996,-15
2997,-15
2998,-14
2999,-13
3000,-13
3001,-13
3002,-13
3003,-14
3004,-14
3005,-14
3006,-13
3007,-12
3008,-11
3009,-10
3010,-9
3011,-8
3012,-7
3013,-5
3014,-3
3015,-1
3016,1
3017,4
3018,9
3019,16
3020,22
3021,28
3022,35
3023,41
3024,46
3025,50
3026,54
3027,58
3028,61
3029,64
3030,66
3031,67
3032,67
3033,65
3034,62
3035,59
3036,54
3037,49
3038,44
3039,38
3040,32
3041,26
3042,20
3043,14
3044,8
3045,3
3046,-1
3047,-5
3048,-8
3049,-11
3050,-13
3051,-16
3052,-19
3053,-22
3054,-25
3055,-27
3056,-29
3057,-30
3058,-30
3059,-30
3060,-30
3061,-29
3062,-27
3063,-25
3064,-22
3065,-18
3066,-12
3067,-7
3068,19
3069,68
3070,130
3071,208
3072,298
3073,393
3074,480
3075,533
3076,536
3077,498
3078,389
3079,242
3080,87
3081,-43
3082,-111
3083,-135
3084,-134
3085,-115
3086,-86
3087,-53
3088,-26
3089,1
3090,31
3091,56
3092,68
3093,75
3094,81
3095,84
3096,85
3097,83
3098,79
3099,76
3100,74
3101,72
3102,70
3103,68
3104,66
3105,64
3106,62
3107,61
3108,62
3109,63
3110,65
3111,68
3112,71
3113,75
3114,78
3115,81
3116,84
3117,86
3118,87
3119,88
3120,89
3121,89
3122,90
3123,91
3124,93
3125,95
3126,97
3127,100
3128,102
3129,104
3130,105
3131,107
3132,108
3133,109
3134,111
3135,111
3136,112
3137,113
3138,114
3139,116
3140,118
3141,120
3142,123
3143,126
3144,130
3145,133
3146,135
3147,138
3148,139
3149,140
3150,140
3151,141
3152,141
3153,141
3154,141
3155,142
3156,142
3157,144
3158,146
3159,151
3160,154
3161,149
3162,139
3163,128
3164,117
3165,107
3166,99
3167,88
3168,75
3169,61
3170,43
3171,20
3172,-2
3173,-26
3174,-42
3175,-52
3176,-58
3177,-63
3178,-67
3179,-69
3180,-72
3181,-74
3182,-76
3183,-78
3184,-81
3185,-85
3186,-88
3187,-92
3188,-95
3189,-97
3190,-99
3191,-102
3192,-104
3193,-107
3194,-109
3195,-110
3196,-110
3197,-110
3198,-108
3199,-106
3200,-103
3201,-100
3202,-96
3203,-92
3204,-88
3205,-83
3206,-78
3207,-73
3208,-68
3209,-64
3210,-62
3211,-60
3212,-59
3213,-58
3214,-57
3215,-56
3216,-55
3217,-54
3218,-54
3219,-54
3220,-54
3221,-53
3222,-53
3223,-53
3224,-54
3225,-56
3226,-57
3227,-58
3228,-60
3229,-61
3230,-62
3231,-64
3232,-66
3233,-67
3234,-68
3235,-68
3236,-68
3237,-68
3238,-68
3239,-68
3240,-68
3241,-67
3242,-66
3243,-66
3244,-65
3245,-65
3246,-65
3247,-65
3248,-64
3249,-64
3250,-63
3251,-63
3252,-62
3253,-61
3254,-60
3255,-58
3256,-56
3257,-55
3258,-53
3259,-52
3260,-51
3261,-49
3262,-48
3263,-48
3264,-47
3265,-46
3266,-43
3267,-41
3268,-38
3269,-37
3270,-38
3271,-40
3272,-42
3273,-45
3274,-47
3275,-49
3276,-52
3277,-55
3278,-58
3279,-60
3280,-63
3281,-65
3282,-67
3283,-68
3284,-69
3285,-69
3286,-67
3287,-65
3288,-62
3289,-60
3290,-57
3291,-53
3292,-50
3293,-47
3294,-44
3295,-42
3296,-38
3297,-35
3298,-30
3299,-26
3300,-22
3301,-18
3302,-16
3303,-13
3304,-10
3305,-7
3306,-4
3307,-1
3308,2
3309,6
3310,10
3311,16
3312,24
3313,34
3314,48
3315,55
3316,59
3317,62
3318,65
3319,66
3320,65
3321,61
3322,55
3323,46
3324,38
3325,26
3326,16
3327,9
3328,0
3329,-10
3330,-21
3331,-25
3332,-28
3333,-31
3334,-33
3335,-35
3336,-37
3337,-38
3338,-39
3339,-39
3340,-40
3341,-40
3342,-39
3343,-38
3344,-37
3345,-35
3346,-33
3347,-30
3348,-27
3349,-25
3350,-21
3351,-15
3352,-2
3353,9
3354,43
3355,88
3356,155
3357,243
3358,343
3359,439
3360,516
3361,541
3362,532
3363,464
3364,348
3365,209
3366,77
3367,-20
3368,-58
3369,-71
3370,-59
3371,-43
3372,-29
3373,-19
3374,-7
3375,2
3376,5
3377,7
3378,9
3379,10
3380,12
3381,13
3382,15
3383,18
3384,22
3385,27
3386,32
3387,36
3388,38
3389,39
3390,41
3391,43
3392,45
3393,47
3394,49
3395,51
3396,53
3397,54
3398,56
3399,57
3400,58
3401,59
3402,59
3403,60
3404,60
3405,61
3406,61
3407,62
3408,63
3409,65
3410,66
3411,68
3412,70
3413,72
3414,74
3415,76
3416,80
3417,83
3418,86
3419,90
3420,93
3421,95
3422,98
3423,102
3424,106
3425,111
3426,118
3427,125
3428,132
3429,139
3430,149
3431,161
3432,174
3433,181
3434,185
3435,189
3436,193
3437,195
3438,196
3439,196
3440,195
3441,193
3442,190
3443,187
3444,183
3445,180
3446,175
3447,169
3448,163
3449,156
3450,148
3451,133
3452,111
3453,94
3454,81
3455,66
3456,47
3457,22
3458,4
3459,-7
3460,-16
3461,-24
3462,-34
3463,-45
3464,-57
3465,-62
3466,-65
3467,-67
3468,-69
3469,-71
3470,-73
3471,-73
3472,-74
3473,-74
3474,-74
3475,-74
3476,-74
3477,-72
3478,-71
3479,-69
3480,-67
3481,-65
3482,-63
3483,-60
3484,-58
3485,-57
3486,-55
3487,-54
3488,-53
3489,-52
3490,-50
3491,-49
3492,-49
3493,-49
3494,-49
3495,-50
3496,-51
3497,-52
3498,-54
3499,-56
3500,-59
3501,-63
3502,-66
3503,-66
3504,-63
3505,-60
3506,-57
3507,-54
3508,-51
3509,-50
3510,-52
3511,-58
3512,-65
3513,-74
3514,-86
3515,-96
3516,-101
3517,-104
3518,-106
3519,-109
3520,-110
3521,-111
3522,-112
3523,-112
3524,-112
3525,-111
3526,-111
3527,-110
3528,-110
3529,-109
3530,-108
3531,-108
3532,-107
3533,-107
3534,-106
3535,-106
3536,-106
3537,-105
3538,-105
3539,-105
3540,-105
3541,-107
3542,-110
3543,-114
3544,-119
3545,-122
3546,-126
3547,-129
3548,-132
3549,-135
3550,-137
3551,-137
3552,-135
3553,-133
3554,-129
3555,-125
3556,-121
3557,-118
3558,-115
3559,-111
3560,-107
3561,-104
3562,-101
3563,-99
3564,-98
3565,-97
3566,-97
3567,-96
3568,-96
3569,-97
3570,-97
3571,-98
3572,-98
3573,-98
3574,-97
3575,-96
3576,-96
3577,-95
3578,-95
3579,-95
3580,-95
3581,-95
3582,-95
3583,-95
3584,-95
3585,-94
3586,-94
3587,-92
3588,-90
3589,-88
3590,-86
3591,-83
3592,-81
3593,-77
3594,-71
3595,-64
3596,-57
3597,-51
3598,-44
3599,-35
3600,-25
3601,-15
3602,-7
3603,1
3604,10
3605,15
3606,18
3607,20
3608,22
3609,24
3610,25
3611,25
3612,22
3613,16
3614,8
3615,0
3616,-7
3617,-18
3618,-29
3619,-36
3620,-42
3621,-46
3622,-49
3623,-51
3624,-53
3625,-56
3626,-58
3627,-60
3628,-61
3629,-62
3630,-63
3631,-64
3632,-65
3633,-66
3634,-66
3635,-66
3636,-66
3637,-68
3638,-71
3639,-74
3640,-74
3641,-70
3642,-61
3643,-34
3644,5
3645,62
3646,140
3647,233
3648,336
3649,436
3650,510
3651,522
3652,506
3653,418
3654,287
3655,141
3656,18
3657,-35
3658,-49
3659,-60
3660,-66
3661,-70
3662,-70
3663,-70
3664,-68
3665,-66
3666,-62
3667,-58
3668,-50
3669,-29
3670,-9
3671,3
3672,8
3673,8
3674,8
3675,8
3676,8
3677,9
3678,10
3679,11
3680,10
3681,9
3682,7
3683,4
3684,0
3685,-5
3686,-8
3687,-2
3688,9
3689,14
3690,18
3691,21
3692,25
3693,28
3694,31
3695,33
3696,36
3697,39
3698,41
3699,43
3700,46
3701,48
3702,51
3703,55
3704,64
3705,73
3706,82
3707,90
3708,97
3709,103
3710,109
3711,114
3712,119
3713,124
3714,128
3715,132
3716,136
3717,140
3718,143
3719,148
3720,154
3721,162
3722,170
3723,177
3724,182
3725,185
3726,188
3727,190
3728,192
3729,194
3730,194
3731,194
3732,192
3733,190
3734,187
3735,183
3736,178
3737,171
3738,156
3739,143
3740,126
3741,104
3742,87
3743,77
3744,67
3745,59
3746,49
3747,38
3748,24
3749,14
3750,7
3751,1
3752,-6
3753,-16
3754,-25
3755,-30
3756,-35
3757,-40
3758,-45
3759,-50
3760,-53
3761,-55
3762,-56
3763,-56
3764,-56
3765,-56
3766,-56
3767,-56
3768,-55
3769,-54
3770,-53
3771,-53
3772,-53
3773,-53
3774,-53
3775,-52
3776,-51
3777,-51
3778,-50
3779,-49
3780,-47
3781,-45
3782,-42
3783,-39
3784,-37
3785,-34
3786,-31
3787,-29
3788,-27
3789,-25
3790,-23
3791,-22
3792,-21
3793,-20
3794,-19
3795,-18
3796,-18
3797,-18
3798,-19
3799,-21
3800,-22
3801,-23
3802,-24
3803,-25
3804,-26
3805,-27
3806,-28
3807,-29
3808,-29
3809,-30
3810,-31
3811,-32
3812,-32
3813,-33
3814,-32
3815,-32
3816,-32
3817,-32
3818,-33
3819,-32
3820,-32
3821,-31
3822,-31
3823,-31
3824,-31
3825,-32
3826,-32
3827,-32
3828,-32
3829,-32
3830,-32
3831,-33
3832,-34
3833,-34
3834,-34
3835,-34
3836,-34
3837,-34
3838,-34
3839,-34
3840,-34
3841,-34
3842,-34
3843,-34
3844,-35
3845,-35
3846,-35
3847,-35
3848,-34
3849,-34
3850,-33
3851,-33
3852,-33
3853,-33
3854,-32
3855,-32
3856,-32
3857,-33
3858,-34
3859,-34
3860,-35
3861,-34
3862,-34
3863,-34
3864,-33
3865,-33
3866,-32
3867,-32
3868,-31
3869,-32
3870,-32
3871,-34
3872,-33
3873,-30
3874,-24
3875,-18
3876,-13
3877,-8
3878,-3
3879,1
3880,7
3881,13
3882,19
3883,23
3884,26
3885,29
3886,31
3887,34
3888,36
3889,39
3890,41
3891,44
3892,46
3893,48
3894,50
3895,53
3896,56
3897,58
3898,59
3899,61
3900,64
3901,68
3902,71
3903,74
3904,74
3905,73
3906,71
3907,68
3908,65
3909,60
3910,54
3911,44
3912,33
3913,20
3914,8
3915,-1
3916,-8
3917,-12
3918,-15
3919,-18
3920,-20
3921,-22
3922,-23
3923,-25
3924,-26
3925,-25
3926,-24
3927,-21
3928,-18
3929,-15
3930,-11
3931,-8
3932,-4
3933,0
3934,5
3935,9
3936,17
3937,42
3938,87
3939,144
3940,214
3941,302
3942,402
3943,503
3944,573
3945,580
3946,541
3947,413
3948,241
3949,71
3950,-58
3951,-111
3952,-128
3953,-114
3954,-98
3955,-83
3956,-70
3957,-54
3958,-28
3959,-13
3960,-9
3961,-5
3962,-2
3963,0
3964,3
3965,5
3966,6
3967,7
3968,8
3969,10
3970,12
3971,14
3972,16
3973,17
3974,18
3975,19
3976,21
3977,22
3978,24
3979,26
3980,27
3981,28
3982,29
3983,31
3984,34
3985,36
3986,38
3987,40
3988,41
3989,43
3990,45
3991,47
3992,48
3993,49
3994,49
3995,50
3996,51
3997,52
3998,54
3999,55
4000,57
4001,59
4002,61
4003,65
4004,69
4005,74
4006,80
4007,91
4008,113
4009,128
4010,137
4011,145
4012,154
4013,161
4014,165
4015,168
4016,172
4017,175
4018,178
4019,180
4020,182
4021,183
4022,183
4023,183
4024,183
4025,182
4026,180
4027,178
4028,175
4029,171
4030,167
4031,160
4032,144
4033,128
4034,112
4035,96
4036,77
4037,60
4038,47
4039,33
4040,19
4041,6
4042,-5
4043,-20
4044,-41
4045,-57
4046,-67
4047,-75
4048,-81
4049,-84
4050,-85
4051,-87
4052,-88
4053,-90
4054,-91
4055,-92
4056,-93
4057,-94
4058,-95
4059,-96
4060,-97
4061,-98
4062,-98
4063,-98
4064,-98
4065,-98
4066,-98
4067,-98
4068,-97
4069,-98
4070,-98
4071,-98
4072,-98
4073,-98
4074,-97
4075,-97
4076,-97
4077,-96
4078,-95
4079,-94
4080,-93
4081,-91
4082,-89
4083,-87
4084,-85
4085,-84
4086,-83
4087,-81
4088,-80
4089,-79
4090,-78
4091,-77
4092,-75
4093,-74
4094,-72
4095,-71
4096,-69
4097,-68
4098,-67
4099,-65
4100,-64
4101,-64
4102,-64
4103,-64
4104,-64
4105,-64
4106,-65
4107,-65
4108,-65
4109,-66
4110,-67
4111,-69
4112,-70
4113,-72
4114,-74
4115,-76
4116,-78
4117,-79
4118,-81
4119,-82
4120,-82
4121,-82
4122,-83
4123,-83
4124,-84
4125,-85
4126,-86
4127,-86
4128,-86
4129,-86
4130,-86
4131,-85
4132,-84
4133,-82
4134,-80
4135,-78
4136,-77
4137,-76
4138,-75
4139,-74
4140,-74
4141,-73
4142,-73
4143,-73
4144,-73
4145,-73
4146,-72
4147,-70
4148,-68
4149,-66
4150,-64
4151,-62
4152,-60
4153,-57
4154,-55
4155,-53
4156,-51
4157,-50
4158,-50
4159,-48
4160,-47
4161,-45
4162,-43
4163,-42
4164,-41
4165,-40
4166,-39
4167,-37
4168,-36
4169,-35
4170,-35
4171,-35
4172,-35
4173,-35
4174,-35
4175,-34
4176,-33
4177,-33
4178,-31
4179,-29
4180,-27
4181,-23
4182,-15
4183,-8
4184,0
4185,6
4186,14
4187,22
4188,29
4189,38
4190,45
4191,50
4192,53
4193,57
4194,60
4195,62
4196,64
4197,64
4198,64
4199,63
4200,62
4201,59
4202,56
4203,52
4204,45
4205,27
4206,11
4207,1
4208,-7
4209,-16
4210,-19
4211,-22
4212,-24
4213,-25
4214,-27
4215,-29
4216,-31
4217,-33
4218,-35
4219,-35
4220,-35
4221,-35
4222,-35
4223,-34
4224,-33
4225,-31
4226,-29
4227,-27
4228,-24
4229,-21
4230,-17
4231,1
4232,43
4233,103
4234,181
4235,272
4236,369
4237,452
4238,488
4239,483
4240,416
4241,282
4242,122
4243,-17
4244,-108
4245,-137
4246,-133
4247,-115
4248,-105
4249,-99
4250,-97
4251,-95
4252,-84
4253,-51
4254,-9
4255,2
4256,4
4257,5
4258,6
4259,6
4260,6
4261,7
4262,8
4263,9
4264,11
4265,14
4266,17
4267,20
4268,23
4269,26
4270,30
4271,36
4272,44
4273,49
4274,53
4275,57
4276,59
4277,62
4278,64
4279,66
4280,68
4281,70
4282,71
4283,72
4284,73
4285,74
4286,75
4287,76
4288,77
4289,77
4290,79
4291,80
4292,82
4293,84
4294,86
4295,89
4296,91
4297,94
4298,96
4299,100
4300,104
4301,109
4302,121
4303,141
4304,154
4305,163
4306,170
4307,177
4308,181
4309,183
4310,186
4311,188
4312,191
4313,193
4314,194
4315,195
4316,195
4317,195
4318,195
4319,195
4320,194
4321,192
4322,190
4323,187
4324,184
4325,181
4326,178
4327,170
4328,153
4329,140
4330,122
4331,100
4332,76
4333,56
4334,43
4335,34
4336,27
4337,19
4338,10
4339,-1
4340,-10
4341,-15
4342,-20
4343,-27
4344,-34
4345,-41
4346,-45
4347,-49
4348,-53
4349,-56
4350,-59
4351,-61
4352,-62
4353,-62
4354,-60
4355,-58
4356,-56
4357,-52
4358,-48
4359,-44
4360,-39
4361,-36
4362,-33
4363,-31
4364,-29
4365,-27
4366,-24
4367,-22
4368,-21
4369,-19
4370,-18
4371,-17
4372,-15
4373,-14
4374,-12
4375,-12
4376,-11
4377,-11
4378,-10
4379,-10
4380,-9
4381,-9
4382,-10
4383,-10
4384,-10
4385,-9
4386,-8
4387,-7
4388,-6
4389,-4
4390,-3
4391,0
4392,2
4393,5
4394,7
4395,9
4396,10
4397,11
4398,12
4399,14
4400,16
4401,17
4402,19
4403,21
4404,23
4405,24
4406,26
4407,26
4408,26
4409,25
4410,24
4411,23
4412,22
4413,20
4414,19
4415,18
4416,16
4417,14
4418,12
4419,9
4420,5
4421,3
4422,4
4423,7
4424,11
4425,13
4426,15
4427,17
4428,20
4429,22
4430,22
4431,22
4432,21
4433,19
4434,17
4435,16
4436,15
4437,13
4438,12
4439,10
4440,9
4441,9
4442,9
4443,9
4444,9
4445,11
4446,13
4447,15
4448,18
4449,21
4450,24
4451,25
4452,28
4453,31
4454,34
4455,36
4456,37
4457,37
4458,34
4459,31
4460,28
4461,25
4462,22
4463,18
4464,13
4465,9
4466,7
4467,8
4468,11
4469,15
4470,19
4471,22
4472,25
4473,28
4474,31
4475,34
4476,37
4477,40
4478,44
4479,47
4480,51
4481,55
4482,58
4483,61
4484,65
4485,69
4486,73
4487,75
4488,76
4489,75
4490,72
4491,68
4492,64
4493,57
4494,46
4495,33
4496,23
4497,15
4498,7
4499,0
4500,-7
4501,-14
4502,-20
4503,-25
4504,-29
4505,-33
4506,-36
4507,-39
4508,-41
4509,-44
4510,-46
4511,-48
4512,-49
4513,-51
4514,-53
4515,-54
4516,-56
4517,-58
4518,-60
4519,-63
4520,-68
4521,-76
4522,-69
4523,-50
4524,-11
4525,44
4526,121
4527,217
4528,326
4529,432
4530,507
4531,518
4532,498
4533,403
4534,263
4535,110
4536,-20
4537,-106
4538,-128
4539,-136
4540,-139
4541,-139
4542,-134
4543,-125
4544,-110
4545,-82
4546,-66
4547,-58
4548,-52
4549,-48
4550,-45
4551,-45
4552,-45
4553,-45
4554,-45
4555,-45
4556,-45
4557,-45
4558,-45
4559,-46
4560,-48
4561,-49
4562,-50
4563,-50
4564,-51
4565,-51
4566,-51
4567,-50
4568,-50
4569,-50
4570,-50
4571,-49
4572,-48
4573,-48
4574,-47
4575,-47
4576,-47
4577,-47
4578,-47
4579,-47
4580,-47
4581,-47
4582,-47
4583,-46
4584,-45
4585,-44
4586,-42
4587,-41
4588,-39
4589,-37
4590,-35
4591,-33
4592,-30
4593,-28
4594,-24
4595,-13
4596,-1
4597,9
4598,19
4599,22
4600,23
4601,23
4602,23
4603,23
4604,24
4605,24
4606,24
4607,24
4608,24
4609,24
4610,24
4611,24
4612,22
4613,21
4614,18
4615,16
4616,13
4617,7
4618,-6
4619,-23
4620,-41
4621,-58
4622,-70
4623,-84
4624,-98
4625,-111
4626,-124
4627,-135
4628,-144
4629,-153
4630,-161
4631,-170
4632,-179
4633,-188
4634,-196
4635,-202
4636,-207
4637,-211
4638,-215
4639,-219
4640,-222
4641,-225
4642,-228
4643,-231
4644,-234
4645,-237
4646,-239
4647,-239
4648,-238
4649,-236
4650,-233
4651,-231
4652,-230
4653,-228
4654,-226
4655,-224
4656,-222
4657,-220
4658,-218
4659,-216
4660,-214
4661,-211
4662,-208
4663,-205
4664,-203
4665,-201
4666,-199
4667,-197
4668,-194
4669,-191
4670,-188
4671,-186
4672,-184
4673,-181
4674,-179
4675,-177
4676,-175
4677,-174
4678,-174
4679,-173
4680,-173
4681,-172
4682,-172
4683,-172
4684,-172
4685,-172
4686,-170
4687,-168
4688,-166
4689,-165
4690,-165
4691,-165
4692,-165
4693,-165
4694,-166
4695,-166
4696,-168
4697,-170
4698,-170
4699,-166
4700,-161
4701,-159
4702,-157
4703,-156
4704,-154
4705,-152
4706,-150
4707,-147
4708,-144
4709,-141
4710,-139
4711,-136
4712,-133
4713,-130
4714,-128
4715,-127
4716,-126
4717,-125
4718,-124
4719,-122
4720,-120
4721,-118
4722,-116
4723,-114
4724,-111
4725,-108
4726,-106
4727,-104
4728,-102
4729,-100
4730,-99
4731,-99
4732,-98
4733,-98
4734,-98
4735,-98
4736,-97
4737,-96
4738,-94
4739,-92
4740,-90
4741,-88
4742,-86
4743,-83
4744,-82
4745,-80
4746,-78
4747,-77
4748,-74
4749,-72
4750,-67
4751,-56
4752,-44
4753,-37
4754,-33
4755,-30
4756,-27
4757,-25
4758,-22
4759,-19
4760,-16
4761,-14
4762,-11
4763,-8
4764,-5
4765,-1
4766,2
4767,8
4768,16
4769,22
4770,27
4771,33
4772,39
4773,48
4774,55
4775,62
4776,69
4777,75
4778,80
4779,85
4780,90
4781,94
4782,98
4783,101
4784,102
4785,102
4786,99
4787,94
4788,88
4789,82
4790,72
4791,68
4792,66
4793,65
4794,64
4795,62
4796,61
4797,60
4798,61
4799,62
4800,65
4801,67
4802,67
4803,67
4804,68
4805,68
4806,69
4807,71
4808,72
4809,73
4810,74
4811,74
4812,75
4813,75
4814,76
4815,78
4816,80
4817,83
4818,99
4819,140
4820,203
4821,290
4822,395
4823,506
4824,604
4825,662
4826,668
4827,641
4828,546
4829,408
4830,255
4831,125
4832,56
4833,31
4834,29
4835,35
4836,41
4837,44
4838,49
4839,56
4840,68
4841,82
4842,100
4843,110
4844,116
4845,120
4846,123
4847,126
4848,128
4849,131
4850,135
4851,138
4852,141
4853,144
4854,145
4855,146
4856,147
4857,148
4858,149
4859,150
4860,151
4861,153
4862,155
4863,157
4864,158
4865,160
4866,161
4867,162
4868,163
4869,163
4870,163
4871,163
4872,164
4873,164
4874,165
4875,167
4876,169
4877,171
4878,173
4879,175
4880,177
4881,180
4882,182
4883,185
4884,187
4885,189
4886,191
4887,193
4888,197
4889,204
4890,211
4891,217
4892,223
4893,227
4894,231
4895,236
4896,240
4897,244
4898,247
4899,251
4900,254
4901,259
4902,265
4903,270
4904,273
4905,274
4906,276
4907,279
4908,283
4909,268
4910,252
4911,240
4912,229
4913,220
4914,206
4915,183
4916,165
4917,154
4918,144
4919,134
4920,123
4921,109
4922,92
4923,74
4924,57
4925,45
4926,29
4927,8
4928,-14
4929,-35
4930,-43
4931,-46
4932,-49
4933,-51
4934,-53
4935,-55
4936,-56
4937,-57
4938,-59
4939,-60
4940,-60
4941,-61
4942,-60
4943,-60
4944,-59
4945,-58
4946,-56
4947,-54
4948,-51
4949,-48
4950,-46
4951,-43
4952,-41
4953,-38
4954,-36
4955,-33
4956,-31
4957,-29
4958,-26
4959,-22
4960,-17
4961,-13
4962,-8
4963,-5
4964,-2
4965,-1
4966,0
4967,0
4968,1
4969,1
4970,0
4971,0
4972,0
4973,0
4974,1
4975,2
4976,3
4977,4
4978,5
4979,5
4980,5
4981,4
4982,3
4983,1
4984,-1
4985,-5
4986,-8
4987,-12
4988,-15
4989,-17
4990,-19
4991,-20
4992,-22
4993,-23
4994,-25
4995,-27
4996,-29
4997,-31
4998,-33
4999,-35
5000,-37
5001,-38
5002,-39
5003,-39
5004,-40
5005,-40
5006,-41
5007,-42
5008,-43
5009,-44
5010,-45
5011,-46
5012,-46
5013,-47
5014,-47
5015,-46
5016,-46
5017,-45
5018,-44
5019,-42
5020,-41
5021,-41
5022,-40
5023,-39
5024,-38
5025,-37
5026,-37
5027,-36
5028,-35
5029,-35
5030,-34
5031,-32
5032,-31
5033,-31
5034,-30
5035,-31
5036,-30
5037,-28
5038,-27
5039,-26
5040,-27
5041,-29
5042,-32
5043,-36
5044,-38
5045,-40
5046,-42
5047,-45
5048,-47
5049,-49
5050,-50
5051,-51
5052,-52
5053,-52
5054,-52
5055,-51
5056,-50
5057,-47
5058,-44
5059,-40
5060,-36
5061,-31
5062,-23
5063,-7
5064,6
5065,14
5066,18
5067,22
5068,25
5069,28
5070,31
5071,34
5072,36
5073,38
5074,41
5075,45
5076,52
5077,64
5078,70
5079,74
5080,77
5081,80
5082,80
5083,76
5084,68
5085,60
5086,48
5087,33
5088,21
5089,12
5090,3
5091,-4
5092,-12
5093,-19
5094,-25
5095,-29
5096,-32
5097,-35
5098,-37
5099,-40
5100,-43
5101,-47
5102,-46
5103,-39
5104,-31
5105,-25
5106,-20
5107,-15
5108,-11
5109,-6
5110,-2
5111,0
5112,3
5113,8
5114,28
5115,83
5116,164
5117,263
5118,371
5119,472
5120,549
5121,560
5122,545
5123,452
5124,321
5125,179
5126,56
5127,-25
5128,-36
5129,-39
5130,-41
5131,-40
5132,-34
5133,-26
5134,-19
5135,-14
5136,-9
5137,-4
5138,0
5139,3
5140,7
5141,12
5142,17
5143,25
5144,34
5145,42
5146,47
5147,51
5148,54
5149,57
5150,60
5151,63
5152,66
5153,68
5154,70
5155,71
5156,73
5157,75
5158,77
5159,79
5160,82
5161,84
5162,86
5163,89
5164,92
5165,95
5166,97
5167,99
5168,101
5169,103
5170,105
5171,107
5172,109
5173,111
5174,114
5175,117
5176,120
5177,125
5178,130
5179,135
5180,140
5181,146
5182,153
5183,164
5184,175
5185,182
5186,189
5187,195
5188,202
5189,208
5190,215
5191,222
5192,229
5193,237
5194,246
5195,256
5196,264
5197,270
5198,276
5199,280
5200,283
5201,285
5202,287
5203,292
5204,297
5205,285
5206,269
5207,255
5208,241
5209,228
5210,215
5211,201
5212,188
5213,177
5214,166
5215,155
5216,143
5217,129
5218,115
5219,102
5220,92
5221,79
5222,65
5223,53
5224,44
5225,36
5226,29
5227,21
5228,15
5229,12
5230,9
5231,7
5232,5
5233,3
5234,1
5235,0
5236,0
5237,-1
5238,-3
5239,-5
5240,-6
5241,-8
5242,-8
5243,-7
5244,-7
5245,-6
5246,-6
5247,-6
5248,-6
5249,-5
5250,-5
5251,-5
5252,-6
5253,-8
5254,-10
5255,-12
5256,-14
5257,-16
5258,-19
5259,-22
5260,-25
5261,-27
5262,-28
5263,-28
5264,-29
5265,-30
5266,-32
5267,-34
5268,-35
5269,-37
5270,-38
5271,-40
5272,-42
5273,-44
5274,-44
5275,-44
5276,-43
5277,-43
5278,-42
5279,-42
5280,-43
5281,-44
5282,-45
5283,-46
5284,-47
5285,-49
5286,-50
5287,-51
5288,-51
5289,-51
5290,-51
5291,-50
5292,-50
5293,-50
5294,-50
5295,-51
5296,-52
5297,-53
5298,-55
5299,-56
5300,-57
5301,-57
5302,-57
5303,-57
5304,-56
5305,-54
5306,-52
5307,-48
5308,-50
5309,-65
5310,-70
5311,-73
5312,-75
5313,-78
5314,-81
5315,-83
5316,-85
5317,-86
5318,-87
5319,-88
5320,-88
5321,-89
5322,-89
5323,-88
5324,-88
5325,-88
5326,-88
5327,-87
5328,-87
5329,-87
5330,-87
5331,-88
5332,-89
5333,-90
5334,-91
5335,-92
5336,-93
5337,-93
5338,-94
5339,-94
5340,-95
5341,-96
5342,-97
5343,-98
5344,-99
5345,-100
5346,-101
5347,-103
5348,-104
5349,-105
5350,-105
5351,-103
5352,-100
5353,-96
5354,-90
5355,-85
5356,-79
5357,-70
5358,-62
5359,-54
5360,-45
5361,-39
5362,-34
5363,-30
5364,-26
5365,-23
5366,-20
5367,-19
5368,-17
5369,-17
5370,-17
5371,-19
5372,-21
5373,-25
5374,-30
5375,-36
5376,-43
5377,-54
5378,-75
5379,-92
5380,-101
5381,-108
5382,-114
5383,-118
5384,-121
5385,-124
5386,-125
5387,-127
5388,-128
5389,-129
5390,-130
5391,-131
5392,-132
5393,-133
5394,-134
5395,-135
5396,-135
5397,-135
5398,-133
5399,-130
5400,-125
5401,-120
5402,-113
5403,-98
5404,-69
5405,-18
5406,52
5407,144
5408,246
5409,338
5410,381
5411,379
5412,322
5413,200
5414,47
5415,-94
5416,-190
5417,-205
5418,-209
5419,-212
5420,-214
5421,-214
5422,-212
5423,-208
5424,-199
5425,-173
5426,-130
5427,-113
5428,-101
5429,-92
5430,-87
5431,-84
5432,-82
5433,-81
5434,-81
5435,-80
5436,-79
5437,-79
5438,-79
5439,-78
5440,-78
5441,-77
5442,-76
5443,-75
5444,-73
5445,-70
5446,-66
5447,-62
5448,-59
5449,-57
5450,-55
5451,-53
5452,-51
5453,-48
5454,-45
5455,-42
5456,-39
5457,-37
5458,-34
5459,-32
5460,-29
5461,-27
5462,-24
5463,-22
5464,-19
5465,-15
5466,-11
5467,-5
5468,0
5469,5
5470,12
5471,18
5472,24
5473,31
5474,37
5475,43
5476,47
5477,51
5478,54
5479,57
5480,61
5481,65
5482,68
5483,70
5484,72
5485,73
5486,74
5487,75
5488,75
5489,75
5490,73
5491,71
5492,69
5493,67
5494,65
5495,62
5496,59
5497,56
5498,53
5499,49
5500,45
5501,40
5502,35
5503,30
5504,26
5505,20
5506,14
5507,2
5508,-21
5509,-42
5510,-57
5511,-70
5512,-88
5513,-111
5514,-120
5515,-124
5516,-127
5517,-130
5518,-133
5519,-135
5520,-137
5521,-139
5522,-140
5523,-140
5524,-141
5525,-143
5526,-144
5527,-144
5528,-145
5529,-145
5530,-146
5531,-147
5532,-149
5533,-150
5534,-151
5535,-152
5536,-152
5537,-153
5538,-155
5539,-156
5540,-157
5541,-158
5542,-156
5543,-152
5544,-146
5545,-140
5546,-135
5547,-131
5548,-126
5549,-122
5550,-118
5551,-114
5552,-110
5553,-108
5554,-106
5555,-105
5556,-105
5557,-106
5558,-107
5559,-109
5560,-110
5561,-112
5562,-114
5563,-116
5564,-118
5565,-119
5566,-121
5567,-122
5568,-123
5569,-125
5570,-127
5571,-129
5572,-130
5573,-130
5574,-128
5575,-125
5576,-121
5577,-117
5578,-113
5579,-110
5580,-107
5581,-104
5582,-101
5583,-98
5584,-96
5585,-94
5586,-93
5587,-92
5588,-93
5589,-94
5590,-96
5591,-98
5592,-99
5593,-101
5594,-104
5595,-106
5596,-108
5597,-110
5598,-113
5599,-116
5600,-119
5601,-121
5602,-120
5603,-114
5604,-105
5605,-98
5606,-94
5607,-90
5608,-87
5609,-83
5610,-80
5611,-77
5612,-75
5613,-72
5614,-70
5615,-67
5616,-65
5617,-63
5618,-62
5619,-62
5620,-61
5621,-61
5622,-60
5623,-60
5624,-59
5625,-57
5626,-54
5627,-51
5628,-48
5629,-44
5630,-40
5631,-35
5632,-29
5633,-22
5634,-15
5635,-8
5636,-1
5637,6
5638,14
5639,21
5640,27
5641,34
5642,40
5643,46
5644,52
5645,56
5646,59
5647,60
5648,61
5649,62
5650,62
5651,63
5652,64
5653,66
5654,67
5655,68
5656,67
5657,64
5658,58
5659,51
5660,45
5661,40
5662,34
5663,28
5664,22
5665,18
5666,15
5667,13
5668,12
5669,12
5670,11
5671,10
5672,10
5673,9
5674,9
5675,8
5676,7
5677,6
5678,4
5679,4
5680,7
5681,11
5682,18
5683,26
5684,37
5685,55
5686,70
5687,106
5688,150
5689,208
5690,281
5691,369
5692,464
5693,550
5694,590
5695,587
5696,529
5697,411
5698,264
5699,126
5700,27
5701,-6
5702,-16
5703,-22
5704,-24
5705,-21
5706,-15
5707,-5
5708,10
5709,43
5710,61
5711,68
5712,74
5713,79
5714,83
5715,86
5716,88
5717,90
5718,93
5719,95
5720,97
5721,99
5722,101
5723,102
5724,104
5725,106
5726,109
5727,114
5728,119
5729,125
5730,130
5731,133
5732,134
5733,135
5734,136
5735,136
5736,136
5737,136
5738,137
5739,137
5740,138
5741,138
5742,140
5743,141
5744,142
5745,143
5746,144
5747,145
5748,147
5749,148
5750,151
5751,154
5752,158
5753,163
5754,173
5755,184
5756,194
5757,202
5758,211
5759,220
5760,229
5761,238
5762,249
5763,258
5764,264
5765,268
5766,271
5767,274
5768,276
5769,279
5770,281
5771,282
5772,282
5773,282
5774,281
5775,280
5776,278
5777,276
5778,272
5779,268
5780,263
5781,256
5782,242
5783,227
5784,214
5785,203
5786,193
5787,184
5788,172
5789,159
5790,145
5791,132
5792,118
5793,103
5794,91
5795,80
5796,67
5797,53
5798,42
5799,34
5800,27
5801,22
5802,19
5803,17
5804,16
5805,16
5806,15
5807,15
5808,14
5809,14
5810,14
5811,16
5812,19
5813,23
5814,27
5815,30
5816,31
5817,32
5818,34
5819,35
5820,36
5821,36
5822,37
5823,37
5824,38
5825,40
5826,41
5827,43
5828,43
5829,43
5830,43
5831,42
5832,42
5833,42
5834,41
5835,40
5836,39
5837,39
5838,39
5839,39
5840,39
5841,38
5842,37
5843,37
5844,37
5845,37
5846,37
5847,37
5848,36
5849,34
5850,33
5851,32
5852,31
5853,30
5854,27
5855,25
5856,22
5857,21
5858,21
5859,21
5860,21
5861,21
5862,21
5863,21
5864,22
5865,23
5866,24
5867,23
5868,23
5869,23
5870,24
5871,25
5872,25
5873,24
5874,20
5875,14
5876,9
5877,6
5878,5
5879,3
5880,0
5881,-1
5882,-4
5883,-5
5884,-6
5885,-7
5886,-9
5887,-10
5888,-12
5889,-13
5890,-14
5891,-15
5892,-16
5893,-17
5894,-18
5895,-19
5896,-19
5897,-19
5898,-19
5899,-19
5900,-20
5901,-20
5902,-20
5903,-20
5904,-20
5905,-19
5906,-19
5907,-18
5908,-17
5909,-15
5910,-13
5911,-11
5912,-10
5913,-9
5914,-7
5915,-5
5916,-3
5917,-1
5918,0
5919,0
5920,-1
5921,-1
5922,-2
5923,-3
5924,-4
5925,-6
5926,-9
5927,-10
5928,-3
5929,8
5930,15
5931,19
5932,24
5933,28
5934,32
5935,35
5936,37
5937,39
5938,39
5939,39
5940,37
5941,35
5942,32
5943,28
5944,23
5945,18
5946,12
5947,3
5948,-6
5949,-16
5950,-25
5951,-30
5952,-33
5953,-36
5954,-38
5955,-41
5956,-43
5957,-46
5958,-48
5959,-51
5960,-54
5961,-57
5962,-60
5963,-63
5964,-65
5965,-67
5966,-70
5967,-75
5968,-80
5969,-84
5970,-85
5971,-83
5972,-80
5973,-74
5974,-65
5975,-33
5976,19
5977,93
5978,193
5979,311
5980,431
5981,523
5982,536
5983,509
5984,389
5985,229
5986,74
5987,-46
5988,-99
5989,-116
5990,-126
5991,-129
5992,-128
5993,-125
5994,-120
5995,-110
5996,-89
5997,-76
5998,-70
5999,-65
6000,-60
6001,-56
6002,-51
6003,-48
6004,-45
6005,-43
6006,-40
6007,-38
6008,-37
6009,-36
6010,-35
6011,-35
6012,-35
6013,-35
6014,-34
6015,-33
6016,-33
6017,-32
6018,-31
6019,-30
6020,-28
6021,-27
6022,-25
6023,-23
6024,-21
6025,-19
6026,-17
6027,-15
6028,-12
6029,-10
6030,-7
6031,-2
6032,2
6033,7
6034,12
6035,17
6036,21
6037,24
6038,27
6039,30
6040,33
6041,36
6042,39
6043,43
6044,48
6045,54
6046,62
6047,70
6048,79
6049,89
6050,98
6051,107
6052,114
6053,120
6054,125
6055,129
6056,133
6057,137
6058,139
6059,141
6060,143
6061,143
6062,142
6063,142
6064,140
6065,139
6066,136
6067,133
6068,129
6069,120
6070,100
6071,81
6072,68
6073,57
6074,47
6075,36
6076,24
6077,7
6078,-13
6079,-26
6080,-33
6081,-38
6082,-42
6083,-46
6084,-49
6085,-52
6086,-55
6087,-58
6088,-62
6089,-66
6090,-70
6091,-75
6092,-79
6093,-82
6094,-85
6095,-88
6096,-92
6097,-94
6098,-94
6099,-93
6100,-91
6101,-90
6102,-89
6103,-87
6104,-87
6105,-85
6106,-84
6107,-82
6108,-82
6109,-81
6110,-80
6111,-80
6112,-79
6113,-79
6114,-79
6115,-79
6116,-79
6117,-79
6118,-79
6119,-78
6120,-78
6121,-77
6122,-76
6123,-75
6124,-73
6125,-72
6126,-71
6127,-70
6128,-69
6129,-68
6130,-67
6131,-66
6132,-65
6133,-65
6134,-64
6135,-62
6136,-61
6137,-59
6138,-58
6139,-57
6140,-57
6141,-57
6142,-57
6143,-58
6144,-60
6145,-62
6146,-64
6147,-67
6148,-69
6149,-70
6150,-71
6151,-72
6152,-73
6153,-74
6154,-75
6155,-75
6156,-75
6157,-75
6158,-75
6159,-74
6160,-74
6161,-74
6162,-73
6163,-71
6164,-69
6165,-67
6166,-66
6167,-64
6168,-63
6169,-62
6170,-60
6171,-59
6172,-58
6173,-57
6174,-57
6175,-57
6176,-56
6177,-55
6178,-53
6179,-52
6180,-51
6181,-51
6182,-50
6183,-49
6184,-48
6185,-48
6186,-48
6187,-49
6188,-50
6189,-51
6190,-52
6191,-53
6192,-54
6193,-56
6194,-57
6195,-59
6196,-60
6197,-61
6198,-61
6199,-62
6200,-64
6201,-67
6202,-70
6203,-72
6204,-73
6205,-74
6206,-75
6207,-76
6208,-76
6209,-75
6210,-73
6211,-70
6212,-67
6213,-64
6214,-61
6215,-57
6216,-53
6217,-45
6218,-37
6219,-31
6220,-27
6221,-23
6222,-19
6223,-14
6224,-10
6225,-5
6226,0
6227,3
6228,7
6229,11
6230,15
6231,19
6232,22
6233,23
6234,23
6235,21
6236,19
6237,15
6238,11
6239,6
6240,-1
6241,-12
6242,-25
6243,-39
6244,-52
6245,-62
6246,-69
6247,-74
6248,-77
6249,-80
6250,-82
6251,-85
6252,-86
6253,-88
6254,-89
6255,-89
6256,-89
6257,-89
6258,-88
6259,-88
6260,-87
6261,-85
6262,-83
6263,-82
6264,-79
6265,-76
6266,-69
6267,-52
6268,-22
6269,18
6270,76
6271,155
6272,256
6273,367
6274,468
6275,524
6276,527
6277,482
6278,369
6279,227
6280,87
6281,-20
6282,-64
6283,-78
6284,-86
6285,-88
6286,-87
6287,-83
6288,-77
6289,-70
6290,-59
6291,-46
6292,-41
6293,-39
6294,-36
6295,-32
6296,-30
6297,-28
6298,-27
6299,-26
6300,-25
6301,-25
6302,-24
6303,-24
6304,-24
6305,-24
6306,-24
6307,-24
6308,-24
6309,-23
6310,-22
6311,-21
6312,-20
6313,-18
6314,-17
6315,-16
6316,-15
6317,-13
6318,-12
6319,-11
6320,-9
6321,-8
6322,-6
6323,-5
6324,-3
6325,0
6326,2
6327,6
6328,10
6329,14
6330,17
6331,20
6332,23
6333,25
6334,26
6335,28
6336,30
6337,33
6338,36
6339,41
6340,47
6341,54
6342,62
6343,72
6344,83
6345,90
6346,96
6347,99
6348,102
6349,104
6350,106
6351,107
6352,108
6353,109
6354,109
6355,109
6356,108
6357,106
6358,103
6359,99
6360,96
6361,92
6362,87
6363,78
6364,70
6365,64
6366,59
6367,49
6368,31
6369,14
6370,2
6371,-6
6372,-18
6373,-35
6374,-56
6375,-76
6376,-91
6377,-103
6378,-114
6379,-124
6380,-131
6381,-136
6382,-138
6383,-138
6384,-139
6385,-139
6386,-139
6387,-140
6388,-140
6389,-141
6390,-141
6391,-141
6392,-140
6393,-139
6394,-139
6395,-138
6396,-137
6397,-136
6398,-135
6399,-135
6400,-134
6401,-134
6402,-134
6403,-133
6404,-132
6405,-131
6406,-129
6407,-128
6408,-125
6409,-122
6410,-119
6411,-114
6412,-109
6413,-102
6414,-94
6415,-87
6416,-80
6417,-75
6418,-72
6419,-69
6420,-68
6421,-66
6422,-65
6423,-64
6424,-63
6425,-63
6426,-63
6427,-63
6428,-62
6429,-61
6430,-60
6431,-59
6432,-59
6433,-58
6434,-58
6435,-57
6436,-56
6437,-55
6438,-54
6439,-54
6440,-54
6441,-53
6442,-53
6443,-52
6444,-52
6445,-51
6446,-50
6447,-49
6448,-48
6449,-47
6450,-46
6451,-46
6452,-45
6453,-45
6454,-45
6455,-45
6456,-44
6457,-44
6458,-43
6459,-42
6460,-41
6461,-40
6462,-39
6463,-38
6464,-37
6465,-36
6466,-35
6467,-35
6468,-35
6469,-35
6470,-35
6471,-34
6472,-34
6473,-33
6474,-32
6475,-31
6476,-29
6477,-27
6478,-25
6479,-23
6480,-22
6481,-20
6482,-18
6483,-15
6484,-13
6485,-12
6486,-10
6487,-8
6488,-6
6489,-3
6490,0
6491,2
6492,5
6493,7
6494,10
6495,13
6496,15
6497,18
6498,20
6499,23
6500,25
6501,28
6502,31
6503,34
6504,37
6505,40
6506,43
6507,48
6508,55
6509,66
6510,79
6511,89
6512,95
6513,100
6514,104
6515,108
6516,111
6517,114
6518,118
6519,124
6520,131
6521,142
6522,155
6523,170
6524,181
6525,188
6526,193
6527,197
6528,199
6529,198
6530,194
6531,189
6532,182
6533,174
6534,160
6535,145
6536,131
6537,118
6538,113
6539,111
6540,109
6541,107
6542,106
6543,105
6544,105
6545,108
6546,112
6547,115
6548,117
6549,119
6550,120
6551,122
6552,125
6553,126
6554,127
6555,127
6556,127
6557,126
6558,125
6559,124
6560,124
6561,121
6562,119
6563,133
6564,175
6565,237
6566,323
6567,429
6568,543
6569,645
6570,699
6571,697
6572,632
6573,495
6574,331
6575,181
6576,78
6577,52
6578,43
6579,56
6580,68
6581,75
6582,81
6583,86
6584,91
6585,95
6586,99
6587,102
6588,105
6589,108
6590,110
6591,112
6592,113
6593,113
6594,115
6595,116
6596,118
6597,121
6598,124
6599,126
6600,122
6601,113
6602,107
6603,101
6604,96
6605,91
6606,87
6607,83
6608,80
6609,77
6610,74
6611,71
6612,69
6613,68
6614,68
6615,68
6616,69
6617,70
6618,71
6619,73
6620,75
6621,77
6622,78
6623,79
6624,80
6625,82
6626,84
6627,86
6628,88
6629,91
6630,95
6631,98
6632,101
6633,105
6634,108
6635,111
6636,115
6637,121
6638,134
6639,142
6640,145
6641,148
6642,151
6643,153
6644,155
6645,157
6646,157
6647,157
6648,156
6649,154
6650,152
6651,149
6652,145
6653,141
6654,135
6655,128
6656,122
6657,115
6658,103
6659,83
6660,62
6661,41
6662,23
6663,10
6664,-2
6665,-14
6666,-27
6667,-42
6668,-55
6669,-66
6670,-76
6671,-85
6672,-94
6673,-103
6674,-112
6675,-123
6676,-129
6677,-134
6678,-138
6679,-142
6680,-145
6681,-148
6682,-151
6683,-154
6684,-157
6685,-159
6686,-161
6687,-163
6688,-164
6689,-165
6690,-166
6691,-167
6692,-167
6693,-168
6694,-168
6695,-168
6696,-168
6697,-169
6698,-170
6699,-171
6700,-172
6701,-173
6702,-174
6703,-175
6704,-176
6705,-177
6706,-177
6707,-178
6708,-178
6709,-179
6710,-180
6711,-181
6712,-181
6713,-182
6714,-185
6715,-189
6716,-192
6717,-192
6718,-189
6719,-183
6720,-177
6721,-172
6722,-167
6723,-162
6724,-157
6725,-155
6726,-155
6727,-158
6728,-164
6729,-171
6730,-181
6731,-195
6732,-197
6733,-199
6734,-200
6735,-202
6736,-204
6737,-204
6738,-201
6739,-196
6740,-191
6741,-188
6742,-186
6743,-184
6744,-182
6745,-179
6746,-176
6747,-173
6748,-171
6749,-169
6750,-167
6751,-164
6752,-162
6753,-159
6754,-156
6755,-154
6756,-152
6757,-149
6758,-146
6759,-143
6760,-139
6761,-136
6762,-133
6763,-129
6764,-126
6765,-123
6766,-120
6767,-117
6768,-115
6769,-113
6770,-112
6771,-110
6772,-109
6773,-108
6774,-107
6775,-106
6776,-106
6777,-105
6778,-105
6779,-104
6780,-104
6781,-103
6782,-102
6783,-102
6784,-101
6785,-101
6786,-100
6787,-100
6788,-99
6789,-99
6790,-98
6791,-97
6792,-96
6793,-94
6794,-92
6795,-89
6796,-85
6797,-77
6798,-69
6799,-60
6800,-52
6801,-43
6802,-34
6803,-25
6804,-17
6805,-9
6806,-1
6807,5
6808,13
6809,22
6810,30
6811,35
6812,39
6813,43
6814,46
6815,49
6816,51
6817,52
6818,52
6819,52
6820,50
6821,49
6822,46
6823,43
6824,40
6825,37
6826,34
6827,32
6828,30
6829,28
6830,26
6831,24
6832,22
6833,21
6834,20
6835,18
6836,17
6837,15
6838,14
6839,14
6840,15
6841,15
6842,16
6843,17
6844,19
6845,20
6846,23
6847,27
6848,31
6849,34
6850,39
6851,61
6852,105
6853,165
6854,241
6855,332
6856,426
6857,490
6858,512
6859,484
6860,401
6861,247
6862,73
6863,-78
6864,-178
6865,-203
6866,-199
6867,-158
6868,-120
6869,-97
6870,-75
6871,-52
6872,-26
6873,0
6874,30
6875,50
6876,57
6877,60
6878,62
6879,64
6880,65
6881,67
6882,69
6883,71
6884,74
6885,76
6886,80
6887,84
6888,89
6889,97
6890,114
6891,127
6892,140
6893,154
6894,165
6895,177
6896,189
6897,198
6898,202
6899,203
6900,205
6901,206
6902,207
6903,208
6904,208
6905,208
6906,209
6907,210
6908,212
6909,213
6910,214
6911,215
6912,217
6913,219
6914,221
6915,224
6916,227
6917,231
6918,235
6919,243
6920,260
6921,270
6922,276
6923,280
6924,284
6925,287
6926,289
6927,289
6928,289
6929,289
6930,288
6931,286
6932,285
6933,281
6934,281
6935,285
6936,288
6937,290
6938,291
6939,292
6940,291
6941,287
6942,279
6943,270
6944,257
6945,237
6946,227
6947,217
6948,206
6949,191
6950,171
6951,146
6952,126
6953,110
6954,97
6955,81
6956,57
6957,41
6958,33
6959,26
6960,19
6961,12
6962,6
6963,1
6964,-2
6965,-6
6966,-9
6967,-11
6968,-13
6969,-14
6970,-15
6971,-16
6972,-18
6973,-20
6974,-20
6975,-18
6976,-16
6977,-14
6978,-12
6979,-11
6980,-10
6981,-10
6982,-10
6983,-10
6984,-10
6985,-10
6986,-11
6987,-12
6988,-13
6989,-14
6990,-14
6991,-14
6992,-14
6993,-14
6994,-14
6995,-13
6996,-12
6997,-10
6998,-7
6999,-5
7000,-4
7001,-3
7002,-2
7003,-2
7004,-1
7005,0
7006,0
7007,0
7008,0
7009,0
7010,2
7011,3
7012,5
7013,6
7014,7
7015,8
7016,9
7017,9
7018,10
7019,10
7020,10
7021,10
7022,11
7023,13
7024,15
7025,17
7026,18
7027,18
7028,17
7029,16
7030,16
7031,15
7032,15
7033,14
7034,12
7035,11
7036,11
7037,10
7038,10
7039,10
7040,10
7041,11
7042,12
7043,14
7044,15
7045,16
7046,17
7047,17
7048,18
7049,18
7050,19
7051,19
7052,20
7053,20
7054,21
7055,23
7056,25
7057,28
7058,32
7059,38
7060,42
7061,47
7062,49
7063,52
7064,54
7065,56
7066,57
7067,59
7068,60
7069,61
7070,63
7071,66
7072,68
7073,70
7074,71
7075,73
7076,74
7077,75
7078,77
7079,79
7080,81
7081,83
7082,86
7083,90
7084,98
7085,107
7086,116
7087,124
7088,129
7089,135
7090,140
7091,145
7092,148
7093,150
7094,149
7095,145
7096,141
7097,135
7098,130
7099,125
7100,119
7101,112
7102,105
7103,100
7104,97
7105,95
7106,94
7107,92
7108,90
7109,89
7110,88
7111,87
7112,86
7113,86
7114,85
7115,85
7116,85
7117,86
7118,88
7119,90
7120,92
7121,94
7122,98
7123,101
7124,102
7125,100
7126,97
7127,91
7128,85
7129,94
7130,122
7131,161
7132,219
7133,297
7134,389
7135,480
7136,540
7137,560
7138,539
7139,475
7140,356
7141,217
7142,88
7143,-7
7144,-48
7145,-63
7146,-70
7147,-70
7148,-67
7149,-60
7150,-38
7151,4
7152,43
7153,54
7154,61
7155,66
7156,71
7157,76
7158,79
7159,81
7160,84
7161,86
7162,88
7163,90
7164,92
7165,93
7166,93
7167,94
7168,94
7169,94
7170,93
7171,92
7172,90
7173,87
7174,84
7175,80
7176,76
7177,72
7178,68
7179,64
7180,59
7181,54
7182,48
7183,42
7184,35
7185,30
7186,27
7187,24
7188,21
7189,19
7190,17
7191,15
7192,13
7193,12
7194,10
7195,9
7196,8
7197,7
7198,7
7199,7
7200,8
7201,8
7202,8
7203,8
7204,8
7205,7
7206,7
7207,6
7208,5
7209,4
7210,4
7211,4
7212,4
7213,3
7214,3
7215,2
7216,1
7217,0
7218,-2
7219,-6
7220,-12
7221,-18
7222,-25
7223,-32
7224,-42
7225,-59
7226,-88
7227,-111
7228,-129
7229,-146
7230,-169
7231,-199
7232,-217
7233,-227
7234,-235
7235,-245
7236,-255
7237,-266
7238,-280
7239,-296
7240,-311
7241,-325
7242,-334
7243,-340
7244,-346
7245,-350
7246,-355
7247,-361
7248,-366
7249,-371
7250,-376
7251,-382
7252,-390
7253,-398
7254,-407
7255,-415
7256,-423
7257,-431
7258,-440
7259,-448
7260,-456
7261,-464
7262,-472
7263,-479
7264,-487
7265,-494
7266,-503
7267,-513
7268,-521
7269,-527
7270,-531
7271,-535
7272,-538
7273,-542
7274,-544
7275,-547
7276,-550
7277,-552
7278,-555
7279,-557
7280,-559
7281,-562
7282,-564
7283,-568
7284,-571
7285,-576
7286,-581
7287,-587
7288,-593
7289,-602
7290,-611
7291,-618
7292,-621
7293,-624
7294,-626
7295,-629
7296,-631
7297,-634
7298,-637
7299,-640
7300,-643
7301,-646
7302,-648
7303,-650
7304,-652
7305,-653
7306,-654
7307,-655
7308,-656
7309,-657
7310,-658
7311,-660
7312,-661
7313,-662
7314,-663
7315,-664
7316,-665
7317,-665
7318,-664
7319,-663
7320,-661
7321,-659
7322,-656
7323,-654
7324,-651
7325,-648
7326,-645
7327,-642
7328,-639
7329,-636
7330,-634
7331,-630
7332,-624
7333,-617
7334,-609
7335,-602
7336,-596
7337,-591
7338,-586
7339,-581
7340,-576
7341,-570
7342,-561
7343,-552
7344,-542
7345,-532
7346,-523
7347,-514
7348,-506
7349,-498
7350,-491
7351,-482
7352,-472
7353,-460
7354,-446
7355,-432
7356,-415
7357,-395
7358,-378
7359,-364
7360,-351
7361,-339
7362,-327
7363,-313
7364,-297
7365,-281
7366,-265
7367,-248
7368,-225
7369,-210
7370,-199
7371,-191
7372,-184
7373,-178
7374,-172
7375,-167
7376,-160
7377,-154
7378,-147
7379,-140
7380,-134
7381,-127
7382,-117
7383,-102
7384,-82
7385,-70
7386,-63
7387,-57
7388,-53
7389,-49
7390,-45
7391,-41
7392,-37
7393,-34
7394,-30
7395,-24
7396,-17
7397,-4
7398,7
7399,20
7400,32
7401,45
7402,56
7403,65
7404,74
7405,84
7406,96
7407,111
7408,133
7409,163
7410,215
7411,281
7412,364
7413,464
7414,573
7415,677
7416,732
7417,751
7418,720
7419,629
7420,496
7421,366
7422,268
7423,242
7424,232
7425,234
7426,250
7427,267
7428,285
7429,301
7430,322
7431,352
7432,376
7433,390
7434,405
7435,419
7436,437
7437,457
7438,473
7439,487
7440,498
7441,511
7442,525
7443,535
7444,542
7445,549
7446,555
7447,560
7448,564
7449,567
7450,571
7451,577
7452,583
7453,591
7454,601
7455,612
7456,624
7457,637
7458,651
7459,664
7460,675
7461,685
7462,694
7463,702
7464,711
7465,719
7466,726
7467,733
7468,742
7469,750
7470,761
7471,773
7472,788
7473,804
7474,822
7475,836
7476,847
7477,856
7478,864
7479,870
7480,875
7481,880
7482,887
7483,896
7484,907
7485,919
7486,933
7487,949
7488,968
7489,981
7490,991
7491,998
7492,1002
7493,1006
7494,1008
7495,1011
7496,1014
7497,1016
7498,1018
7499,1018
7500,1012
7501,1002
7502,989
7503,973
7504,946
7505,922
7506,901
7507,883
7508,865
7509,848
7510,832
7511,819
7512,806
7513,793
7514,780
7515,765
7516,748
7517,732
7518,717
7519,699
7520,678
7521,654
7522,637
7523,624
7524,615
7525,607
7526,600
7527,595
7528,592
7529,590
7530,589
7531,589
7532,588
7533,587
7534,585
7535,584
7536,582
7537,579
7538,576
7539,573
7540,569
7541,566
7542,562
7543,558
7544,554
7545,551
7546,547
7547,543
7548,538
7549,533
7550,527
7551,521
7552,515
7553,509
7554,504
7555,500
7556,496
7557,493
7558,490
7559,487
7560,484
7561,480
7562,474
7563,466
7564,457
7565,448
7566,438
7567,428
7568,417
7569,405
7570,393
7571,382
7572,371
7573,360
7574,346
7575,331
7576,313
7577,296
7578,278
7579,262
7580,245
7581,229
7582,213
7583,197
7584,183
7585,170
7586,159
7587,148
7588,134
7589,119
7590,109
7591,101
7592,94
7593,87
7594,81
7595,75
7596,69
7597,64
7598,58
7599,51
7600,42
7601,29
7602,17
7603,4
7604,-7
7605,-16
7606,-23
7607,-29
7608,-35
7609,-41
7610,-46
7611,-50
7612,-54
7613,-57
7614,-60
7615,-63
7616,-66
7617,-68
7618,-70
7619,-71
7620,-72
7621,-74
7622,-74
7623,-75
7624,-76
7625,-76
7626,-75
7627,-74
7628,-72
7629,-69
7630,-67
7631,-64
7632,-61
7633,-58
7634,-55
7635,-51
7636,-48
7637,-45
7638,-44
7639,-42
7640,-40
7641,-37
7642,-35
7643,-33
7644,-31
7645,-29
7646,-27
7647,-25
7648,-24
7649,-23
7650,-22
7651,-22
7652,-22
7653,-22
7654,-22
7655,-23
7656,-25
7657,-26
7658,-28
7659,-30
7660,-33
7661,-36
7662,-40
7663,-44
7664,-49
7665,-54
7666,-61
7667,-75
7668,-90
7669,-104
7670,-118
7671,-129
7672,-139
7673,-148
7674,-157
7675,-166
7676,-175
7677,-182
7678,-189
7679,-196
7680,-202
7681,-208
7682,-214
7683,-219
7684,-225
7685,-230
7686,-236
7687,-242
7688,-250
7689,-262
7690,-271
7691,-271
7692,-264
7693,-252
7694,-215
7695,-156
7696,-72
7697,32
7698,151
7699,267
7700,329
7701,351
7702,316
7703,210
7704,47
7705,-124
7706,-261
7707,-332
7708,-358
7709,-356
7710,-333
7711,-324
7712,-319
7713,-316
7714,-313
7715,-311
7716,-309
7717,-307
7718,-305
7719,-302
7720,-300
7721,-297
7722,-295
7723,-293
7724,-291
7725,-289
7726,-287
7727,-286
7728,-285
7729,-283
7730,-281
7731,-279
7732,-276
7733,-272
7734,-267
7735,-261
7736,-255
7737,-249
7738,-243
7739,-237
7740,-231
7741,-226
7742,-221
7743,-216
7744,-213
7745,-210
7746,-207
7747,-204
7748,-201
7749,-198
7750,-194
7751,-191
7752,-187
7753,-183
7754,-180
7755,-177
7756,-174
7757,-170
7758,-166
7759,-161
7760,-156
7761,-149
7762,-140
7763,-128
7764,-118
7765,-108
7766,-98
7767,-90
7768,-82
7769,-74
7770,-66
7771,-60
7772,-54
7773,-50
7774,-47
7775,-44
7776,-41
7777,-38
7778,-35
7779,-33
7780,-30
7781,-27
7782,-25
7783,-24
7784,-25
7785,-31
7786,-40
7787,-50
7788,-62
7789,-73
7790,-87
7791,-101
7792,-116
7793,-130
7794,-145
7795,-160
7796,-174
7797,-187
7798,-199
7799,-209
7800,-214
7801,-218
7802,-222
7803,-226
7804,-231
7805,-236
7806,-240
7807,-244
7808,-248
7809,-253
7810,-259
7811,-265
7812,-270
7813,-274
7814,-278
7815,-280
7816,-283
7817,-286
7818,-290
7819,-293
7820,-296
7821,-299
7822,-301
7823,-303
7824,-303
7825,-302
7826,-300
7827,-293
7828,-289
7829,-285
7830,-280
7831,-275
7832,-268
7833,-263
7834,-259
7835,-257
7836,-256
7837,-253
7838,-250
7839,-247
7840,-243
7841,-239
7842,-235
7843,-232
7844,-229
7845,-226
7846,-223
7847,-221
7848,-218
7849,-213
7850,-207
7851,-201
7852,-195
7853,-190
7854,-185
7855,-181
7856,-178
7857,-175
7858,-172
7859,-169
7860,-166
7861,-163
7862,-161
7863,-159
7864,-157
7865,-156
7866,-156
7867,-155
7868,-155
7869,-154
7870,-154
7871,-153
7872,-152
7873,-152
7874,-151
7875,-150
7876,-149
7877,-147
7878,-144
7879,-141
7880,-139
7881,-137
7882,-135
7883,-134
7884,-133
7885,-132
7886,-131
7887,-130
7888,-128
7889,-124
7890,-120
7891,-116
7892,-113
7893,-110
7894,-110
7895,-109
7896,-109
7897,-109
7898,-108
7899,-107
7900,-105
7901,-104
7902,-103
7903,-102
7904,-103
7905,-104
7906,-104
7907,-104
7908,-101
7909,-98
7910,-94
7911,-91
7912,-88
7913,-85
7914,-81
7915,-77
7916,-74
7917,-72
7918,-68
7919,-64
7920,-59
7921,-57
7922,-56
7923,-57
7924,-58
7925,-59
7926,-58
7927,-58
7928,-57
7929,-56
7930,-54
7931,-51
7932,-49
7933,-48
7934,-49
7935,-49
7936,-45
7937,-39
7938,-33
7939,-26
7940,-19
7941,-12
7942,-6
7943,-1
7944,3
7945,6
7946,8
7947,10
7948,13
7949,17
7950,22
7951,25
7952,28
7953,29
7954,30
7955,28
7956,23
7957,15
7958,7
7959,-2
7960,-11
7961,-19
7962,-25
7963,-31
7964,-37
7965,-43
7966,-49
7967,-56
7968,-62
7969,-68
7970,-72
7971,-75
7972,-78
7973,-79
7974,-78
7975,-77
7976,-76
7977,-75
7978,-73
7979,-71
7980,-68
7981,-65
7982,-60
7983,-54
7984,-46
7985,-37
7986,-15
7987,30
7988,97
7989,184
7990,293
7991,415
7992,525
7993,565
7994,578
7995,538
7996,415
7997,259
7998,109
7999,16
8000,-15
8001,-34
8002,-40
8003,-42
8004,-41
8005,-39
8006,-36
8007,-32
8008,-25
8009,-18
8010,-11
8011,-2
8012,6
8013,13
8014,15
8015,17
8016,20
8017,25
8018,30
8019,34
8020,38
8021,41
8022,43
8023,43
8024,42
8025,43
8026,44
8027,47
8028,50
8029,53
8030,55
8031,57
8032,58
8033,59
8034,60
8035,60
8036,59
8037,59
8038,60
8039,62
8040,64
8041,65
8042,66
8043,66
8044,67
8045,70
8046,72
8047,75
8048,78
8049,81
8050,86
8051,91
8052,96
8053,102
8054,108
8055,114
8056,120
8057,128
8058,136
8059,143
8060,151
8061,159
8062,166
8063,173
8064,180
8065,187
8066,195
8067,203
8068,211
8069,216
8070,220
8071,222
8072,222
8073,220
8074,216
8075,211
8076,206
8077,201
8078,195
8079,189
8080,182
8081,172
8082,156
8083,139
8084,126
8085,113
8086,101
8087,90
8088,78
8089,67
8090,55
8091,42
8092,29
8093,17
8094,8
8095,0
8096,-10
8097,-24
8098,-43
8099,-65
8100,-89
8101,-113
8102,-121
8103,-122
8104,-122
8105,-122
8106,-125
8107,-128
8108,-132
8109,-137
8110,-142
8111,-144
8112,-142
8113,-136
8114,-131
8115,-132
8116,-135
8117,-139
8118,-140
8119,-131
8120,-116
8121,-91
8122,-67
8123,-63
8124,-61
8125,-59
8126,-57
8127,-56
8128,-54
8129,-54
8130,-55
8131,-55
8132,-55
8133,-56
8134,-56
8135,-57
8136,-57
8137,-56
8138,-54
8139,-53
8140,-52
8141,-50
8142,-49
8143,-48
8144,-47
8145,-45
8146,-45
8147,-45
8148,-46
8149,-47
8150,-49
8151,-51
8152,-53
8153,-54
8154,-55
8155,-55
8156,-55
8157,-54
8158,-54
8159,-56
8160,-58
8161,-62
8162,-66
8163,-71
8164,-76
8165,-80
8166,-84
8167,-89
8168,-92
8169,-95
8170,-99
8171,-107
8172,-115
8173,-119
8174,-115
8175,-104
8176,-94
8177,-88
8178,-83
8179,-79
8180,-74
8181,-68
8182,-63
8183,-60
8184,-58
8185,-57
8186,-56
8187,-57
8188,-57
8189,-57
8190,-57
8191,-56
8192,-56
8193,-55
8194,-54
8195,-54
8196,-54
8197,-54
8198,-53
8199,-52
8200,-52
8201,-52
8202,-51
8203,-49
8204,-48
8205,-46
8206,-42
8207,-36
8208,-34
8209,-38
8210,-46
8211,-54
8212,-59
8213,-64
8214,-69
8215,-74
8216,-79
8217,-84
8218,-87
8219,-88
8220,-87
8221,-84
8222,-80
8223,-74
8224,-66
8225,-59
8226,-53
8227,-45
8228,-32
8229,-23
8230,-20
8231,-17
8232,-14
8233,-11
8234,-9
8235,-5
8236,-1
8237,3
8238,9
8239,16
8240,23
8241,30
8242,34
8243,39
8244,45
8245,52
8246,58
8247,63
8248,67
8249,69
8250,69
8251,66
8252,61
8253,55
8254,47
8255,39
8256,32
8257,26
8258,21
8259,17
8260,12
8261,7
8262,3
8263,0
8264,-4
8265,-8
8266,-12
8267,-15
8268,-18
8269,-19
8270,-21
8271,-21
8272,-21
8273,-20
8274,-19
8275,-17
8276,-15
8277,-12
8278,-8
8279,-3
8280,2
8281,26
8282,79
8283,150
8284,238
8285,337
8286,438
8287,517
8288,545
8289,525
8290,462
8291,321
8292,157
8293,11
8294,-71
8295,-100
8296,-110
8297,-102
8298,-87
8299,-76
8300,-67
8301,-58
8302,-49
8303,-39
8304,-29
8305,-23
8306,-17
8307,-13
8308,-8
8309,-3
8310,0
8311,4
8312,7
8313,8
8314,9
8315,9
8316,8
8317,7
8318,5
8319,5
8320,4
8321,4
8322,3
8323,2
8324,0
8325,-2
8326,-5
8327,-8
8328,-11
8329,-14
8330,-17
8331,-20
8332,-21
8333,-22
8334,-23
8335,-20
8336,-14
8337,-7
8338,1
8339,11
8340,21
8341,32
8342,43
8343,54
8344,64
8345,73
8346,81
8347,88
8348,93
8349,98
8350,102
8351,105
8352,107
8353,111
8354,114
8355,119
8356,123
8357,127
8358,131
8359,135
8360,139
8361,143
8362,148
8363,152
8364,158
8365,164
8366,170
8367,175
8368,176
8369,175
8370,172
8371,167
8372,161
8373,153
8374,144
8375,128
8376,115
8377,105
8378,93
8379,81
8380,69
8381,58
8382,44
8383,29
8384,12
8385,-1
8386,-12
8387,-20
8388,-27
8389,-33
8390,-37
8391,-41
8392,-44
8393,-47
8394,-51
8395,-56
8396,-60
8397,-65
8398,-69
8399,-73
8400,-76
8401,-79
8402,-82
8403,-86
8404,-89
8405,-91
8406,-93
8407,-94
8408,-94
8409,-92
8410,-90
8411,-87
8412,-83
8413,-79
8414,-74
8415,-71
8416,-69
8417,-67
8418,-64
8419,-62
8420,-62
8421,-64
8422,-67
8423,-70
8424,-72
8425,-74
8426,-77
8427,-81
8428,-84
8429,-85
8430,-82
8431,-76
8432,-69
8433,-62
8434,-57
8435,-52
8436,-46
8437,-40
8438,-36
8439,-34
8440,-36
8441,-39
8442,-44
8443,-48
8444,-53
8445,-56
8446,-60
8447,-64
8448,-68
8449,-70
8450,-73
8451,-74
8452,-76
8453,-77
8454,-76
8455,-75
8456,-74
8457,-73
8458,-72
8459,-71
8460,-70
8461,-68
8462,-67
8463,-65
8464,-65
8465,-63
8466,-62
8467,-59
8468,-57
8469,-56
8470,-56
8471,-58
8472,-60
8473,-62
8474,-63
8475,-65
8476,-67
8477,-70
8478,-73
8479,-73
8480,-68
8481,-61
8482,-54
8483,-50
8484,-45
8485,-41
8486,-37
8487,-34
8488,-32
8489,-33
8490,-36
8491,-39
8492,-43
8493,-47
8494,-49
8495,-52
8496,-55
8497,-58
8498,-61
8499,-64
8500,-66
8501,-67
8502,-67
8503,-66
8504,-64
8505,-62
8506,-60
8507,-57
8508,-55
8509,-52
8510,-50
8511,-49
8512,-48
8513,-47
8514,-46
8515,-45
8516,-43
8517,-41
8518,-39
8519,-36
8520,-34
8521,-31
8522,-28
8523,-24
8524,-21
8525,-17
8526,-14
8527,-10
8528,-2
8529,6
8530,11
8531,14
8532,16
8533,17
8534,19
8535,21
8536,23
8537,25
8538,25
8539,24
8540,21
8541,15
8542,9
8543,3
8544,-3
8545,-13
8546,-23
8547,-33
8548,-42
8549,-46
8550,-50
8551,-53
8552,-57
8553,-61
8554,-64
8555,-66
8556,-67
8557,-68
8558,-69
8559,-70
8560,-70
8561,-70
8562,-69
8563,-67
8564,-66
8565,-64
8566,-63
8567,-60
8568,-58
8569,-54
8570,-51
8571,-46
8572,-35
8573,-7
8574,41
8575,110
8576,198
8577,300
8578,396
8579,455
8580,459
8581,420
8582,312
8583,166
8584,7
8585,-132
8586,-228
8587,-255
8588,-252
8589,-209
8590,-163
8591,-139
8592,-117
8593,-94
8594,-72
8595,-46
8596,-31
8597,-24
8598,-19
8599,-15
8600,-12
8601,-9
8602,-5
8603,-1
8604,1
8605,5
8606,8
8607,11
8608,15
8609,18
8610,21
8611,25
8612,28
8613,31
8614,32
8615,34
8616,35
8617,35
8618,35
8619,35
8620,34
8621,34
8622,34
8623,34
8624,34
8625,35
8626,36
8627,37
8628,39
8629,41
8630,44
8631,47
8632,50
8633,54
8634,58
8635,62
8636,67
8637,73
8638,81
8639,88
8640,95
8641,100
8642,104
8643,109
8644,114
8645,117
8646,121
8647,123
8648,126
8649,128
8650,129
8651,131
8652,133
8653,134
8654,136
8655,137
8656,139
8657,141
8658,144
8659,146
8660,149
8661,151
8662,154
8663,157
8664,160
8665,163
8666,164
8667,164
8668,162
8669,158
8670,153
8671,147
8672,140
8673,126
8674,99
8675,72
8676,45
8677,19
8678,-3
8679,-14
8680,-20
8681,-25
8682,-29
8683,-32
8684,-32
8685,-32
8686,-30
8687,-29
8688,-29
8689,-29
8690,-28
8691,-28
8692,-26
8693,-24
8694,-23
8695,-23
8696,-23
8697,-24
8698,-25
8699,-26
8700,-27
8701,-28
8702,-29
8703,-31
8704,-32
8705,-33
8706,-32
8707,-31
8708,-28
8709,-24
8710,-20
8711,-17
8712,-13
8713,-9
8714,-5
8715,-1
8716,1
8717,4
8718,8
8719,11
8720,15
8721,20
8722,25
8723,28
8724,27
8725,24
8726,19
8727,15
8728,13
8729,10
8730,8
8731,5
8732,3
8733,0
8734,-1
8735,-3
8736,-6
8737,-7
8738,-9
8739,-10
8740,-11
8741,-12
8742,-12
8743,-12
8744,-12
8745,-12
8746,-12
8747,-13
8748,-14
8749,-16
8750,-17
8751,-17
8752,-18
8753,-18
8754,-18
8755,-17
8756,-17
8757,-16
8758,-15
8759,-15
8760,-14
8761,-14
8762,-14
8763,-14
8764,-14
8765,-14
8766,-14
8767,-14
8768,-14
8769,-14
8770,-13
8771,-13
8772,-12
8773,-13
8774,-14
8775,-15
8776,-15
8777,-16
8778,-17
8779,-18
8780,-19
8781,-19
8782,-19
8783,-18
8784,-17
8785,-16
8786,-15
8787,-14
8788,-13
8789,-13
8790,-12
8791,-12
8792,-13
8793,-13
8794,-13
8795,-13
8796,-11
8797,-10
8798,-8
8799,-6
8800,-5
8801,-3
8802,-1
8803,0
8804,2
8805,3
8806,4
8807,5
8808,7
8809,11
8810,15
8811,20
8812,24
8813,28
8814,32
8815,36
8816,39
8817,44
8818,48
8819,56
8820,70
8821,79
8822,84
8823,87
8824,89
8825,90
8826,91
8827,92
8828,93
8829,93
8830,91
8831,89
8832,85
8833,80
8834,74
8835,68
8836,60
8837,46
8838,33
8839,21
8840,15
8841,11
8842,8
8843,6
8844,4
8845,2
8846,0
8847,0
8848,-2
8849,-4
8850,-6
8851,-7
8852,-8
8853,-9
8854,-9
8855,-10
8856,-11
8857,-13
8858,-16
8859,-21
8860,-25
8861,-21
8862,-10
8863,21
8864,75
8865,153
8866,255
8867,373
8868,485
8869,560
8870,569
8871,540
8872,432
8873,284
8874,132
8875,13
8876,-41
8877,-58
8878,-68
8879,-73
8880,-74
8881,-73
8882,-70
8883,-64
8884,-57
8885,-44
8886,-20
8887,-1
8888,12
8889,17
8890,19
8891,20
8892,21
8893,21
8894,21
8895,21
8896,21
8897,20
8898,19
8899,18
8900,17
8901,16
8902,15
8903,13
8904,13
8905,13
8906,13
8907,15
8908,16
8909,18
8910,20
8911,23
8912,25
8913,28
8914,30
8915,32
8916,34
8917,37
8918,40
8919,44
8920,48
8921,51
8922,55
8923,59
8924,62
8925,66
8926,69
8927,72
8928,74
8929,76
8930,77
8931,79
8932,81
8933,83
8934,85
8935,90
8936,98
8937,107
8938,113
8939,120
8940,130
8941,142
8942,154
8943,163
8944,170
8945,175
8946,177
8947,174
8948,168
8949,160
8950,154
8951,148
8952,141
8953,133
8954,125
8955,116
8956,106
8957,94
8958,84
8959,79
8960,75
8961,68
8962,52
8963,33
8964,20
8965,7
8966,-5
8967,-18
8968,-37
8969,-48
8970,-54
8971,-59
8972,-63
8973,-67
8974,-70
8975,-73
8976,-76
8977,-77
8978,-78
8979,-79
8980,-80
8981,-82
8982,-83
8983,-83
8984,-84
8985,-85
8986,-85
8987,-85
8988,-85
8989,-84
8990,-82
8991,-81
8992,-80
8993,-79
8994,-78
8995,-77
8996,-75
8997,-74
8998,-72
8999,-71
9000,-70
9001,-69
9002,-68
9003,-68
9004,-68
9005,-69
9006,-70
9007,-71
9008,-72
9009,-74
9010,-75
9011,-77
9012,-78
9013,-79
9014,-81
9015,-82
9016,-84
9017,-90
9018,-93
9019,-88
9020,-78
9021,-69
9022,-60
9023,-53
9024,-48
9025,-44
9026,-40
9027,-36
9028,-36
9029,-41
9030,-48
9031,-52
9032,-55
9033,-58
9034,-60
9035,-62
9036,-63
9037,-64
9038,-65
9039,-65
9040,-64
9041,-64
9042,-63
9043,-62
9044,-61
9045,-60
9046,-58
9047,-57
9048,-56
9049,-55
9050,-55
9051,-55
9052,-57
9053,-58
9054,-60
9055,-62
9056,-64
9057,-66
9058,-68
9059,-70
9060,-70
9061,-70
9062,-70
9063,-69
9064,-68
9065,-67
9066,-64
9067,-61
9068,-57
9069,-53
9070,-49
9071,-45
9072,-43
9073,-40
9074,-36
9075,-32
9076,-29
9077,-26
9078,-25
9079,-25
9080,-27
9081,-28
9082,-30
9083,-32
9084,-35
9085,-38
9086,-42
9087,-46
9088,-49
9089,-50
9090,-49
9091,-44
9092,-39
9093,-33
9094,-28
9095,-23
9096,-18
9097,-14
9098,-9
9099,-6
9100,-3
9101,0
9102,3
9103,6
9104,8
9105,11
9106,14
9107,16
9108,19
9109,21
9110,24
9111,26
9112,27
9113,28
9114,29
9115,30
9116,32
9117,33
9118,34
9119,36
9120,38
9121,40
9122,42
9123,43
9124,43
9125,41
9126,38
9127,33
9128,28
9129,23
9130,17
9131,10
9132,3
9133,-3
9134,-9
9135,-15
9136,-21
9137,-28
9138,-34
9139,-38
9140,-38
9141,-35
9142,-30
9143,-27
9144,-25
9145,-23
9146,-21
9147,-19
9148,-16
9149,-13
9150,-9
9151,-5
9152,0
9153,22
9154,79
9155,157
9156,256
9157,367
9158,477
9159,563
9160,583
9161,570
9162,483
9163,348
9164,202
9165,78
9166,-5
9167,-53
9168,-71
9169,-80
9170,-86
9171,-78
9172,-54
9173,-14
9174,19
9175,31
9176,35
9177,32
9178,27
9179,24
9180,23
9181,21
9182,21
9183,20
9184,20
9185,21
9186,22
9187,25
9188,28
9189,31
9190,34
9191,37
9192,39
9193,41
9194,43
9195,45
9196,46
9197,48
9198,50
9199,52
9200,53
9201,55
9202,56
9203,58
9204,59
9205,60
9206,60
9207,61
9208,61
9209,61
9210,61
9211,62
9212,64
9213,66
9214,68
9215,71
9216,74
9217,78
9218,82
9219,87
9220,92
9221,97
9222,103
9223,110
9224,119
9225,133
9226,143
9227,152
9228,166
9229,183
9230,191
9231,195
9232,198
9233,200
9234,202
9235,203
9236,202
9237,200
9238,198
9239,195
9240,193
9241,191
9242,188
9243,185
9244,182
9245,178
9246,175
9247,172
9248,169
9249,164
9250,155
9251,141
9252,126
9253,111
9254,97
9255,79
9256,60
9257,41
9258,25
9259,11
9260,0
9261,-10
9262,-21
9263,-33
9264,-47
9265,-55
9266,-58
9267,-59
9268,-59
9269,-60
9270,-61
9271,-61
9272,-61
9273,-61
9274,-61
9275,-61
9276,-62
9277,-62
9278,-62
9279,-62
9280,-62
9281,-62
9282,-62
9283,-62
9284,-61
9285,-61
9286,-60
9287,-60
9288,-59
9289,-58
9290,-56
9291,-55
9292,-54
9293,-53
9294,-52
9295,-52
9296,-51
9297,-50
9298,-49
9299,-48
9300,-48
9301,-46
9302,-44
9303,-41
9304,-39
9305,-37
9306,-35
9307,-34
9308,-34
9309,-34
9310,-36
9311,-38
9312,-41
9313,-45
9314,-48
9315,-52
9316,-55
9317,-58
9318,-62
9319,-65
9320,-67
9321,-69
9322,-71
9323,-72
9324,-73
9325,-72
9326,-72
9327,-71
9328,-70
9329,-69
9330,-68
9331,-67
9332,-65
9333,-62
9334,-58
9335,-56
9336,-55
9337,-56
9338,-59
9339,-61
9340,-64
9341,-68
9342,-72
9343,-73
9344,-73
9345,-72
9346,-71
9347,-70
9348,-69
9349,-68
9350,-67
9351,-66
9352,-66
9353,-65
9354,-64
9355,-64
9356,-64
9357,-65
9358,-67
9359,-69
9360,-70
9361,-71
9362,-73
9363,-74
9364,-76
9365,-78
9366,-80
9367,-81
9368,-84
9369,-91
9370,-95
9371,-90
9372,-82
9373,-76
9374,-69
9375,-64
9376,-60
9377,-58
9378,-56
9379,-54
9380,-51
9381,-47
9382,-45
9383,-44
9384,-45
9385,-47
9386,-49
9387,-51
9388,-54
9389,-58
9390,-60
9391,-56
9392,-48
9393,-41
9394,-35
9395,-29
9396,-22
9397,-14
9398,-7
9399,1
9400,10
9401,19
9402,28
9403,36
9404,43
9405,51
9406,57
9407,60
9408,57
9409,51
9410,43
9411,34
9412,23
9413,13
9414,4
9415,-5
9416,-18
9417,-35
9418,-44
9419,-51
9420,-57
9421,-61
9422,-63
9423,-63
9424,-60
9425,-56
9426,-51
9427,-47
9428,-43
9429,-37
9430,-31
9431,-27
9432,-27
9433,-30
9434,-36
9435,-43
9436,-50
9437,-59
9438,-66
9439,-66
9440,-61
9441,-52
9442,-23
9443,26
9444,98
9445,190
9446,298
9447,412
9448,513
9449,560
9450,556
9451,484
9452,341
9453,172
9454,16
9455,-90
9456,-121
9457,-131
9458,-118
9459,-96
9460,-72
9461,-53
9462,-39
9463,-24
9464,-16
9465,-11
9466,-8
9467,-4
9468,0
9469,3
9470,6
9471,9
9472,12
9473,16
9474,22
9475,32
9476,43
9477,55
9478,62
9479,67
9480,71
9481,75
9482,80
9483,83
9484,87
9485,90
9486,92
9487,94
9488,96
9489,97
9490,99
9491,100
9492,101
9493,103
9494,104
9495,106
9496,108
9497,110
9498,112
9499,114
9500,115
9501,117
9502,119
9503,121
9504,122
9505,124
9506,127
9507,132
9508,140
9509,149
9510,158
9511,166
9512,172
9513,178
9514,184
9515,189
9516,194
9517,198
9518,201
9519,205
9520,209
9521,215
9522,220
9523,224
9524,228
9525,231
9526,235
9527,238
9528,241
9529,243
9530,244
9531,242
9532,238
9533,232
9534,225
9535,214
9536,197
9537,181
9538,165
9539,150
9540,136
9541,122
9542,109
9543,93
9544,79
9545,68
9546,57
9547,47
9548,34
9549,19
9550,1
9551,-11
9552,-20
9553,-27
9554,-35
9555,-43
9556,-51
9557,-57
9558,-63
9559,-69
9560,-74
9561,-77
9562,-79
9563,-81
9564,-81
9565,-81
9566,-81
9567,-81
9568,-81
9569,-81
9570,-80
9571,-79
9572,-78
9573,-77
9574,-77
9575,-77
9576,-78
9577,-79
9578,-80
9579,-81
9580,-83
9581,-85
9582,-87
9583,-88
9584,-90
9585,-91
9586,-92
9587,-95
9588,-99
9589,-104
9590,-107
9591,-109
9592,-109
9593,-109
9594,-108
9595,-106
9596,-105
9597,-102
9598,-97
9599,-93
9600,-93
9601,-101
9602,-112
9603,-119
9604,-125
9605,-131
9606,-137
9607,-141
9608,-146
9609,-149
9610,-152
9611,-154
9612,-156
9613,-157
9614,-158
9615,-158
9616,-157
9617,-157
9618,-156
9619,-156
9620,-157
9621,-157
9622,-158
9623,-160
9624,-161
9625,-162
9626,-164
9627,-166
9628,-168
9629,-170
9630,-171
9631,-172
9632,-175
9633,-178
9634,-183
9635,-189
9636,-193
9637,-195
9638,-194
9639,-193
9640,-191
9641,-189
9642,-188
9643,-187
9644,-185
9645,-183
9646,-182
9647,-180
9648,-179
9649,-177
9650,-176
9651,-175
9652,-176
9653,-177
9654,-178
9655,-178
9656,-179
9657,-180
9658,-182
9659,-183
9660,-185
9661,-187
9662,-189
9663,-190
9664,-193
9665,-196
9666,-195
9667,-188
9668,-179
9669,-170
9670,-160
9671,-149
9672,-137
9673,-130
9674,-126
9675,-122
9676,-119
9677,-116
9678,-113
9679,-111
9680,-108
9681,-105
9682,-103
9683,-101
9684,-99
9685,-97
9686,-95
9687,-91
9688,-84
9689,-70
9690,-65
9691,-60
9692,-55
9693,-56
9694,-68
9695,-77
9696,-84
9697,-90
9698,-97
9699,-103
9700,-110
9701,-115
9702,-121
9703,-126
9704,-131
9705,-136
9706,-140
9707,-144
9708,-147
9709,-151
9710,-155
9711,-160
9712,-164
9713,-166
9714,-164
9715,-158
9716,-152
9717,-145
9718,-139
9719,-133
9720,-126
9721,-119
9722,-112
9723,-108
9724,-105
9725,-99
9726,-78
9727,-34
9728,29
9729,114
9730,209
9731,301
9732,354
9733,371
9734,341
9735,250
9736,102
9737,-52
9738,-183
9739,-256
9740,-280
9741,-263
9742,-242
9743,-224
9744,-215
9745,-205
9746,-187
9747,-162
9748,-136
9749,-105
9750,-77
9751,-63
9752,-56
9753,-52
9754,-49
9755,-45
9756,-40
9757,-36
9758,-31
9759,-27
9760,-22
9761,-15
9762,-5
9763,4
9764,12
9765,20
9766,24
9767,27
9768,30
9769,32
9770,35
9771,37
9772,39
9773,40
9774,43
9775,45
9776,48
9777,50
9778,52
9779,54
9780,56
9781,59
9782,63
9783,67
9784,73
9785,79
9786,85
9787,90
9788,95
9789,100
9790,104
9791,109
9792,113
9793,117
9794,122
9795,128
9796,133
9797,138
9798,143
9799,149
9800,156
9801,164
9802,171
9803,177
9804,182
9805,185
9806,189
9807,194
9808,198
9809,201
9810,202
9811,201
9812,197
9813,194
9814,190
9815,186
9816,183
9817,179
9818,175
9819,171
9820,167
9821,164
9822,161
9823,157
9824,151
9825,143
9826,129
9827,102
9828,74
9829,46
9830,25
9831,11
9832,0
9833,-10
9834,-13
9835,-14
9836,-15
9837,-16
9838,-17
9839,-19
9840,-20
9841,-21
9842,-22
9843,-23
9844,-24
9845,-25
9846,-26
9847,-26
9848,-26
9849,-27
9850,-27
9851,-28
9852,-30
9853,-30
9854,-31
9855,-30
9856,-29
9857,-29
9858,-28
9859,-28
9860,-28
9861,-28
9862,-27
9863,-27
9864,-26
9865,-26
9866,-25
9867,-24
9868,-23
9869,-20
9870,-18
9871,-16
9872,-14
9873,-12
9874,-10
9875,-8
9876,-6
9877,-4
9878,-3
9879,-1
9880,0
9881,3
9882,6
9883,10
9884,14
9885,18
9886,22
9887,26
9888,29
9889,32
9890,33
9891,33
9892,31
9893,30
9894,29
9895,27
9896,26
9897,24
9898,23
9899,21
9900,19
9901,18
9902,16
9903,13
9904,8
9905,3
9906,1
9907,2
9908,6
9909,11
9910,16
9911,19
9912,22
9913,26
9914,30
9915,34
9916,37
9917,39
9918,39
9919,39
9920,40
9921,40
9922,41
9923,41
9924,40
9925,39
9926,37
9927,36
9928,36
9929,37
9930,39
9931,40
9932,41
9933,42
9934,44
9935,46
9936,48
9937,49
9938,50
9939,50
9940,50
9941,50
9942,51
9943,51
9944,51
9945,51
9946,52
9947,53
9948,55
9949,57
9950,60
9951,63
9952,67
9953,71
9954,75
9955,80
9956,83
9957,87
9958,91
9959,96
9960,101
9961,107
9962,112
9963,116
9964,119
9965,121
9966,121
9967,120
9968,118
9969,114
9970,109
9971,104
9972,99
9973,95
9974,91
9975,88
9976,85
9977,81
9978,78
9979,75
9980,72
9981,69
9982,65
9983,61
9984,58
9985,54
9986,51
9987,48
9988,45
9989,43
9990,40
9991,38
9992,35
9993,32
9994,27
9995,21
9996,16
9997,14
9998,15
9999,18
10000,25
10001,35
10002,69
10003,123
10004,192
10005,271
10006,356
10007,438
10008,490
10009,508
10010,483
10011,404
10012,265
10013,104
10014,-46
10015,-156
10016,-193
10017,-191
10018,-147
10019,-84
10020,-48
10021,-22
10022,-6
10023,9
10024,24
10025,29
10026,33
10027,36
10028,39
10029,42
10030,44
10031,47
10032,48
10033,50
10034,51
10035,52
10036,54
10037,54
10038,54
10039,54
10040,54
10041,54
10042,54
10043,54
10044,54
10045,54
10046,54
10047,54
10048,54
10049,53
10050,53
10051,51
10052,50
10053,48
10054,47
10055,47
10056,47
10057,47
10058,48
10059,49
10060,50
10061,51
10062,53
10063,55
10064,57
10065,59
10066,62
10067,65
10068,70
10069,82
10070,96
10071,109
10072,121
10073,128
10074,135
10075,141
10076,147
10077,153
10078,157
10079,160
10080,163
10081,164
10082,165
10083,165
10084,165
10085,165
10086,165
10087,166
10088,166
10089,166
10090,166
10091,167
10092,167
10093,168
10094,167
10095,157
10096,143
10097,128
10098,111
10099,96
10100,84
10101,63
10102,37
10103,14
10104,-9
10105,-33
10106,-60
10107,-80
10108,-91
10109,-98
10110,-104
10111,-108
10112,-110
10113,-112
10114,-115
10115,-117
10116,-119
10117,-120
10118,-121
10119,-121
10120,-121
10121,-121
10122,-120
10123,-118
10124,-116
10125,-112
10126,-112
10127,-121
10128,-126
10129,-129
10130,-132
10131,-134
10132,-136
10133,-137
10134,-138
10135,-138
10136,-137
10137,-136
10138,-134
10139,-132
10140,-130
10141,-128
10142,-126
10143,-124
10144,-123
10145,-121
10146,-119
10147,-117
10148,-115
10149,-114
10150,-114
10151,-114
10152,-116
10153,-117
10154,-118
10155,-118
10156,-119
10157,-119
10158,-119
10159,-119
10160,-118
10161,-116
10162,-114
10163,-113
10164,-112
10165,-112
10166,-112
10167,-112
10168,-111
10169,-111
10170,-111
10171,-112
10172,-112
10173,-111
10174,-109
10175,-106
10176,-104
10177,-102
10178,-102
10179,-103
10180,-104
10181,-106
10182,-108
10183,-109
10184,-113
10185,-116
10186,-119
10187,-121
10188,-120
10189,-117
10190,-113
10191,-110
10192,-108
10193,-107
10194,-106
10195,-104
10196,-102
10197,-100
10198,-99
10199,-99
10200,-99
10201,-99
10202,-99
10203,-99
10204,-98
10205,-97
10206,-96
10207,-95
10208,-95
10209,-93
10210,-92
10211,-89
10212,-86
10213,-83
10214,-80
10215,-78
10216,-74
10217,-68
10218,-59
10219,-52
10220,-46
10221,-41
10222,-37
10223,-32
10224,-27
10225,-22
10226,-17
10227,-12
10228,-6
10229,-1
10230,4
10231,9
10232,13
10233,18
10234,22
10235,26
10236,29
10237,33
10238,37
10239,41
10240,45
10241,49
10242,52
10243,55
10244,59
10245,63
10246,67
10247,70
10248,71
10249,68
10250,62
10251,55
10252,47
10253,41
10254,37
10255,32
10256,28
10257,23
10258,18
10259,14
10260,11
10261,8
10262,6
10263,4
10264,3
10265,3
10266,3
10267,4
10268,6
10269,9
10270,11
10271,13
10272,16
10273,19
10274,23
10275,28
10276,35
10277,53
10278,73
10279,100
10280,135
10281,197
10282,276
10283,377
10284,490
10285,590
10286,642
10287,640
10288,579
10289,447
10290,288
10291,146
10292,47
10293,24
10294,17
10295,14
10296,15
10297,23
10298,34
10299,51
10300,86
10301,104
10302,110
10303,114
10304,118
10305,122
10306,124
10307,126
10308,127
10309,128
10310,129
10311,131
10312,133
10313,134
10314,136
10315,137
10316,138
10317,139
10318,139
10319,140
10320,140
10321,142
10322,143
10323,145
10324,147
10325,150
10326,153
10327,156
10328,160
10329,164
10330,167
10331,170
10332,173
10333,175
10334,178
10335,181
10336,184
10337,186
10338,189
10339,192
10340,196
10341,200
10342,205
10343,210
10344,216
10345,222
10346,229
10347,240
10348,258
10349,276
10350,292
10351,305
10352,314
10353,319
10354,321
10355,323
10356,325
10357,327
10358,329
10359,331
10360,332
10361,333
10362,333
10363,333
10364,333
10365,332
10366,330
10367,327
10368,324
10369,320
10370,316
10371,312
10372,307
10373,301
10374,288
10375,275
10376,262
10377,243
10378,215
10379,197
10380,184
10381,172
10382,159
10383,147
10384,135
10385,123
10386,111
10387,97
10388,81
10389,65
10390,54
10391,47
10392,41
10393,36
10394,31
10395,27
10396,23
10397,20
10398,18
10399,15
10400,12
10401,10
10402,7
10403,5
10404,2
10405,0
10406,-3
10407,-6
10408,-9
10409,-11
10410,-14
10411,-17
10412,-20
10413,-23
10414,-25
10415,-27
10416,-28
10417,-28
10418,-28
10419,-27
10420,-26
10421,-25
10422,-24
10423,-23
10424,-23
10425,-22
10426,-22
10427,-22
10428,-22
10429,-22
10430,-21
10431,-19
10432,-18
10433,-16
10434,-15
10435,-15
10436,-15
10437,-16
10438,-17
10439,-17
10440,-18
10441,-20
10442,-21
10443,-22
10444,-23
10445,-24
10446,-25
10447,-26
10448,-28
10449,-30
10450,-32
10451,-35
10452,-38
10453,-41
10454,-43
10455,-47
10456,-51
10457,-55
10458,-59
10459,-62
10460,-66
10461,-68
10462,-70
10463,-72
10464,-73
10465,-74
10466,-75
10467,-76
10468,-76
10469,-78
10470,-79
10471,-81
10472,-84
10473,-87
10474,-89
10475,-90
10476,-92
10477,-94
10478,-96
10479,-98
10480,-99
10481,-99
10482,-98
10483,-98
10484,-98
10485,-99
10486,-100
10487,-100
10488,-100
10489,-100
10490,-101
10491,-103
10492,-104
10493,-104
10494,-104
10495,-104
10496,-104
10497,-105
10498,-106
10499,-106
10500,-107
10501,-107
10502,-107
10503,-107
10504,-108
10505,-109
10506,-110
10507,-111
10508,-112
10509,-113
10510,-113
10511,-114
10512,-114
10513,-113
10514,-111
10515,-109
10516,-108
10517,-106
10518,-103
10519,-101
10520,-98
10521,-95
10522,-92
10523,-89
10524,-86
10525,-81
10526,-67
10527,-54
10528,-44
10529,-37
10530,-32
10531,-27
10532,-23
10533,-21
10534,-20
10535,-21
10536,-25
10537,-30
10538,-38
10539,-46
10540,-65
10541,-93
10542,-104
10543,-110
10544,-115
10545,-119
10546,-121
10547,-122
10548,-122
10549,-121
10550,-120
10551,-119
10552,-118
10553,-118
10554,-118
10555,-117
10556,-116
10557,-114
10558,-113
10559,-111
10560,-110
10561,-109
10562,-109
10563,-107
10564,-105
10565,-102
10566,-97
10567,-74
10568,-28
10569,41
10570,133
10571,245
10572,363
10573,468
10574,522
10575,521
10576,458
10577,335
10578,200
10579,81
10580,26
10581,15
10582,6
10583,0
10584,-5
10585,-9
10586,-12
10587,-14
10588,-14
10589,-14
10590,-13
10591,-12
10592,-8
10593,-3
10594,2
10595,6
10596,10
10597,13
10598,16
10599,20
10600,23
10601,27
10602,31
10603,33
10604,35
10605,35
10606,35
10607,35
10608,35
10609,34
10610,33
10611,32
10612,31
10613,30
10614,29
10615,29
10616,27
10617,25
10618,24
10619,22
10620,21
10621,21
10622,22
10623,24
10624,27
10625,32
10626,37
10627,43
10628,52
10629,69
10630,84
10631,91
10632,95
10633,98
10634,100
10635,102
10636,104
10637,106
10638,109
10639,112
10640,115
10641,118
10642,121
10643,123
10644,126
10645,129
10646,133
10647,136
10648,140
10649,144
10650,149
10651,153
10652,157
10653,159
10654,160
10655,159
10656,157
10657,154
10658,151
10659,147
10660,142
10661,135
10662,124
10663,113
10664,103
10665,87
10666,64
10667,44
10668,28
10669,11
10670,-4
10671,-21
10672,-37
10673,-52
10674,-64
10675,-75
10676,-86
10677,-91
10678,-96
10679,-99
10680,-103
10681,-106
10682,-109
10683,-112
10684,-114
10685,-115
10686,-116
10687,-117
10688,-118
10689,-118
10690,-118
10691,-118
10692,-119
10693,-119
10694,-120
10695,-122
10696,-123
10697,-123
10698,-124
10699,-124
10700,-124
10701,-124
10702,-123
10703,-121
10704,-119
10705,-117
10706,-115
10707,-113
10708,-111
10709,-110
10710,-108
10711,-107
10712,-107
10713,-107
10714,-107
10715,-107
10716,-106
10717,-105
10718,-103
10719,-102
10720,-101
10721,-101
10722,-100
10723,-99
10724,-98
10725,-97
10726,-98
10727,-98
10728,-98
10729,-98
10730,-97
10731,-97
10732,-97
10733,-97
10734,-98
10735,-98
10736,-98
10737,-98
10738,-98
10739,-99
10740,-100
10741,-101
10742,-102
10743,-103
10744,-103
10745,-104
10746,-105
10747,-106
10748,-106
10749,-106
10750,-105
10751,-104
10752,-104
10753,-103
10754,-103
10755,-102
10756,-102
10757,-101
10758,-101
10759,-100
10760,-100
10761,-99
10762,-98
10763,-97
10764,-96
10765,-95
10766,-94
10767,-93
10768,-92
10769,-92
10770,-92
10771,-91
10772,-91
10773,-91
10774,-90
10775,-90
10776,-89
10777,-87
10778,-86
10779,-84
10780,-83
10781,-83
10782,-82
10783,-81
10784,-80
10785,-80
10786,-80
10787,-79
10788,-78
10789,-77
10790,-75
10791,-73
10792,-72
10793,-70
10794,-69
10795,-67
10796,-65
10797,-64
10798,-62
10799,-61
10800,-59
10801,-57
10802,-54
10803,-51
10804,-49
10805,-46
10806,-43
10807,-41
10808,-38
10809,-34
10810,-31
10811,-28
10812,-25
10813,-22
10814,-19
10815,-17
10816,-13
10817,-9
10818,-4
10819,3
10820,19
10821,32
10822,40
10823,46
10824,50
10825,53
10826,54
10827,52
10828,48
10829,41
10830,34
10831,23
10832,5
10833,-13
10834,-29
10835,-43
10836,-50
10837,-53
10838,-55
10839,-56
10840,-57
10841,-57
10842,-57
10843,-58
10844,-59
10845,-60
10846,-61
10847,-62
10848,-62
10849,-62
10850,-61
10851,-60
10852,-59
10853,-58
10854,-57
10855,-54
10856,-52
10857,-50
10858,-48
10859,-35
10860,15
10861,91
10862,186
10863,295
10864,405
10865,493
10866,520
10867,509
10868,425
10869,283
10870,122
10871,-23
10872,-123
10873,-156
10874,-156
10875,-126
10876,-89
10877,-78
10878,-73
10879,-69
10880,-64
10881,-59
10882,-56
10883,-53
10884,-50
10885,-47
10886,-44
10887,-42
10888,-39
10889,-37
10890,-35
10891,-33
10892,-29
10893,-25
10894,-21
10895,-18
10896,-16
10897,-14
10898,-12
10899,-10
10900,-9
10901,-7
10902,-6
10903,-5
10904,-5
10905,-4
10906,-4
10907,-3
10908,-3
10909,-3
10910,-2
10911,-2
10912,0
10913,0
10914,1
10915,2
10916,2
10917,3
10918,4
10919,6
10920,8
10921,10
10922,12
10923,17
10924,29
10925,42
10926,56
10927,65
10928,71
10929,77
10930,82
10931,86
10932,91
10933,95
10934,98
10935,101
10936,104
10937,108
10938,112
10939,118
10940,124
10941,129
10942,135
10943,140
10944,145
10945,150
10946,155
10947,159
10948,160
10949,159
10950,155
10951,149
10952,141
10953,125
10954,102
10955,89
10956,78
10957,68
10958,57
10959,42
10960,27
10961,11
10962,-5
10963,-25
10964,-50
10965,-68
10966,-76
10967,-82
10968,-85
10969,-87
10970,-85
10971,-80
10972,-74
10973,-67
10974,-59
10975,-55
10976,-60
10977,-69
10978,-82
10979,-99
10980,-107
10981,-112
10982,-115
10983,-117
10984,-118
10985,-116
10986,-113
10987,-109
10988,-103
10989,-92
10990,-72
10991,-63
10992,-58
10993,-53
10994,-51
10995,-50
10996,-51
10997,-52
10998,-54
10999,-55
11000,-57
11001,-60
11002,-63
11003,-64
11004,-63
11005,-60
11006,-55
11007,-47
11008,-33
11009,-28
11010,-26
11011,-24
11012,-22
11013,-20
11014,-18
11015,-17
11016,-16
11017,-15
11018,-14
11019,-14
11020,-13
11021,-12
11022,-11
11023,-8
11024,-2
11025,-1
11026,-8
11027,-11
11028,-14
11029,-17
11030,-19
11031,-20
11032,-20
11033,-19
11034,-18
11035,-17
11036,-16
11037,-14
11038,-11
11039,-9
11040,-9
11041,-14
11042,-19
11043,-21
11044,-23
11045,-24
11046,-25
11047,-26
11048,-27
11049,-29
11050,-30
11051,-31
11052,-32
11053,-33
11054,-34
11055,-35
11056,-35
11057,-35
11058,-35
11059,-35
11060,-35
11061,-35
11062,-36
11063,-36
11064,-36
11065,-37
11066,-38
11067,-41
11068,-44
11069,-43
11070,-37
11071,-31
11072,-27
11073,-25
11074,-24
11075,-22
11076,-20
11077,-18
11078,-17
11079,-16
11080,-16
11081,-15
11082,-15
11083,-14
11084,-13
11085,-12
11086,-11
11087,-11
11088,-10
11089,-9
11090,-7
11091,-6
11092,-5
11093,-5
11094,-4
11095,-4
11096,-4
11097,-3
11098,-1
11099,0
11100,3
11101,7
11102,11
11103,14
11104,18
11105,22
11106,26
11107,29
11108,32
11109,34
11110,36
11111,38
11112,40
11113,41
11114,43
11115,43
11116,44
11117,44
11118,45
11119,44
11120,43
11121,42
11122,39
11123,36
11124,33
11125,30
11126,23
11127,6
11128,-5
11129,-12
11130,-16
11131,-19
11132,-20
11133,-21
11134,-22
11135,-23
11136,-25
11137,-27
11138,-28
11139,-28
11140,-28
11141,-29
11142,-29
11143,-28
11144,-28
11145,-26
11146,-24
11147,-21
11148,-18
11149,-14
11150,3
11151,43
11152,100
11153,176
11154,266
11155,361
11156,438
11157,471
11158,440
11159,343
11160,198
11161,40
11162,-96
11163,-187
11164,-217
11165,-227
11166,-218
11167,-202
11168,-185
11169,-155
11170,-113
11171,-65
11172,-21
11173,6
11174,15
11175,4
11176,-16
11177,-31
11178,-41
11179,-38
11180,-19
11181,0
11182,18
11183,30
11184,33
11185,34
11186,35
11187,35
11188,35
11189,36
11190,36
11191,36
11192,36
11193,34
11194,33
11195,30
11196,28
11197,26
11198,24
11199,22
11200,21
11201,20
11202,19
11203,19
11204,19
11205,19
11206,20
11207,21
11208,23
11209,25
11210,28
11211,31
11212,36
11213,46
11214,67
11215,81
11216,89
11217,94
11218,99
11219,104
11220,108
11221,112
11222,115
11223,118
11224,121
11225,124
11226,127
11227,130
11228,133
11229,141
11230,155
11231,164
11232,169
11233,172
11234,175
11235,175
11236,174
11237,171
11238,167
11239,161
11240,154
11241,141
11242,134
11243,129
11244,125
11245,122
11246,118
11247,111
11248,103
11249,86
11250,62
11251,39
11252,17
11253,4
11254,-3
11255,-10
11256,-17
11257,-24
11258,-31
11259,-38
11260,-44
11261,-49
11262,-53
11263,-56
11264,-60
11265,-63
11266,-65
11267,-67
11268,-68
11269,-69
11270,-70
11271,-70
11272,-70
11273,-70
11274,-70
11275,-69
11276,-69
11277,-68
11278,-68
11279,-67
11280,-67
11281,-67
11282,-68
11283,-69
11284,-70
11285,-70
11286,-69
11287,-68
11288,-66
11289,-65
11290,-63
11291,-61
11292,-59
11293,-57
11294,-55
11295,-54
11296,-53
11297,-52
11298,-51
11299,-50
11300,-49
11301,-49
11302,-48
11303,-48
11304,-47
11305,-46
11306,-45
11307,-44
11308,-44
11309,-43
11310,-43
11311,-42
11312,-41
11313,-40
11314,-40
11315,-40
11316,-40
11317,-40
11318,-40
11319,-39
11320,-38
11321,-37
11322,-32
11323,-30
11324,-35
11325,-43
11326,-46
11327,-49
11328,-51
11329,-53
11330,-55
11331,-56
11332,-57
11333,-58
11334,-58
11335,-58
11336,-58
11337,-57
11338,-57
11339,-56
11340,-55
11341,-54
11342,-53
11343,-53
11344,-52
11345,-52
11346,-52
11347,-52
11348,-52
11349,-52
11350,-53
11351,-53
11352,-53
11353,-53
11354,-52
11355,-52
11356,-52
11357,-51
11358,-51
11359,-50
11360,-48
11361,-46
11362,-44
11363,-42
11364,-40
11365,-39
11366,-36
11367,-33
11368,-29
11369,-27
11370,-25
11371,-25
11372,-25
11373,-27
11374,-29
11375,-32
11376,-36
11377,-40
11378,-48
11379,-54
11380,-57
11381,-60
11382,-64
11383,-69
11384,-59
11385,-43
11386,-25
11387,-13
11388,-6
11389,-1
11390,2
11391,5
11392,7
11393,10
11394,12
11395,13
11396,14
11397,15
11398,16
11399,17
11400,18
11401,19
11402,18
11403,18
11404,16
11405,14
11406,12
11407,10
11408,7
11409,4
11410,0
11411,-2
11412,-12
11413,-33
11414,-42
11415,-46
11416,-50
11417,-53
11418,-56
11419,-58
11420,-60
11421,-61
11422,-63
11423,-64
11424,-64
11425,-64
11426,-63
11427,-62
11428,-61
11429,-60
11430,-59
11431,-57
11432,-55
11433,-53
11434,-51
11435,-48
11436,-42
11437,-28
11438,-4
11439,36
11440,96
11441,175
11442,273
11443,381
11444,479
11445,536
11446,537
11447,491
11448,377
11449,231
11450,86
11451,-31
11452,-106
11453,-126
11454,-132
11455,-123
11456,-107
11457,-88
11458,-69
11459,-45
11460,-17
11461,8
11462,24
11463,33
11464,40
11465,48
11466,54
11467,57
11468,59
11469,61
11470,62
11471,63
11472,64
11473,65
11474,66
11475,67
11476,69
11477,71
11478,73
11479,74
11480,74
11481,74
11482,75
11483,75
11484,76
11485,77
11486,78
11487,80
11488,82
11489,85
11490,88
11491,91
11492,93
11493,95
11494,97
11495,99
11496,100
11497,102
11498,103
11499,105
11500,106
11501,107
11502,109
11503,111
11504,114
11505,116
11506,118
11507,121
11508,124
11509,127
11510,130
11511,133
11512,137
11513,141
11514,146
11515,151
11516,155
11517,159
11518,162
11519,165
11520,168
11521,170
11522,173
11523,176
11524,179
11525,183
11526,187
11527,190
11528,195
11529,199
11530,201
11531,201
11532,198
11533,192
11534,184
11535,172
11536,146
11537,122
11538,104
11539,88
11540,73
11541,58
11542,44
11543,34
11544,27
11545,20
11546,13
11547,7
11548,0
11549,-6
11550,-14
11551,-21
11552,-30
11553,-38
11554,-43
11555,-47
11556,-51
11557,-55
11558,-58
11559,-61
11560,-63
11561,-65
11562,-66
11563,-68
11564,-70
11565,-71
11566,-71
11567,-71
11568,-72
11569,-73
11570,-75
11571,-77
11572,-77
11573,-75
11574,-70
11575,-64
11576,-60
11577,-59
11578,-57
11579,-56
11580,-54
11581,-52
11582,-51
11583,-49
11584,-48
11585,-47
11586,-45
11587,-43
11588,-42
11589,-41
11590,-41
11591,-41
11592,-42
11593,-42
11594,-43
11595,-44
11596,-46
11597,-47
11598,-49
11599,-50
11600,-51
11601,-52
11602,-52
11603,-53
11604,-53
11605,-53
11606,-53
11607,-54
11608,-56
11609,-57
11610,-59
11611,-62
11612,-65
11613,-68
11614,-71
11615,-74
11616,-76
11617,-77
11618,-77
11619,-77
11620,-77
11621,-77
11622,-76
11623,-76
11624,-75
11625,-75
11626,-76
11627,-77
11628,-79
11629,-79
11630,-77
11631,-75
11632,-73
11633,-73
11634,-72
11635,-72
11636,-71
11637,-70
11638,-70
11639,-69
11640,-68
11641,-67
11642,-66
11643,-65
11644,-63
11645,-62
11646,-61
11647,-61
11648,-60
11649,-59
11650,-57
11651,-56
11652,-54
11653,-53
11654,-51
11655,-49
11656,-47
11657,-45
11658,-43
11659,-42
11660,-41
11661,-41
11662,-40
11663,-40
11664,-40
11665,-39
11666,-38
11667,-38
11668,-37
11669,-36
11670,-34
11671,-33
11672,-31
11673,-29
11674,-27
11675,-25
11676,-22
11677,-20
11678,-16
11679,-10
11680,-2
11681,4
11682,10
11683,16
11684,22
11685,28
11686,34
11687,40
11688,45
11689,50
11690,55
11691,58
11692,61
11693,64
11694,68
11695,71
11696,73
11697,74
11698,73
11699,72
11700,69
11701,66
11702,62
11703,57
11704,50
11705,40
11706,29
11707,17
11708,11
11709,8
11710,4
11711,1
11712,0
11713,-1
11714,-2
11715,-3
11716,-4
11717,-5
11718,-7
11719,-9
11720,-9
11721,-10
11722,-10
11723,-11
11724,-11
11725,-12
11726,-12
11727,-13
11728,-14
11729,-16
11730,-23
11731,-24
11732,-14
11733,12
11734,63
11735,140
11736,244
11737,364
11738,479
11739,560
11740,572
11741,548
11742,447
11743,308
11744,165
11745,41
11746,-41
11747,-64
11748,-72
11749,-76
11750,-75
11751,-68
11752,-58
11753,-50
11754,-44
11755,-37
11756,-31
11757,-25
11758,-21
11759,-13
11760,1
11761,23
11762,33
11763,38
11764,42
11765,45
11766,45
11767,45
11768,44
11769,43
11770,42
11771,41
11772,38
11773,35
11774,33
11775,34
11776,39
11777,45
11778,50
11779,58
11780,64
11781,64
11782,61
11783,57
11784,54
11785,50
11786,46
11787,44
11788,46
11789,52
11790,60
11791,71
11792,86
11793,91
11794,93
11795,95
11796,96
11797,98
11798,100
11799,101
11800,103
11801,106
11802,110
11803,115
11804,120
11805,126
11806,136
11807,154
11808,166
11809,172
11810,176
11811,180
11812,183
11813,185
11814,187
11815,189
11816,190
11817,191
11818,192
11819,191
11820,190
11821,189
11822,188
11823,186
11824,184
11825,180
11826,176
11827,172
11828,166
11829,152
11830,134
11831,116
11832,98
11833,81
11834,65
11835,49
11836,33
11837,18
11838,3
11839,-11
11840,-19
11841,-23
11842,-27
11843,-30
11844,-34
11845,-37
11846,-40
11847,-43
11848,-45
11849,-48
11850,-51
11851,-52
11852,-54
11853,-55
11854,-56
11855,-57
11856,-59
11857,-61
11858,-63
11859,-65
11860,-66
11861,-66
11862,-66
11863,-66
11864,-63
11865,-60
11866,-57
11867,-53
11868,-49
11869,-46
11870,-44
11871,-42
11872,-40
11873,-39
11874,-39
11875,-39
11876,-39
11877,-39
11878,-38
11879,-37
11880,-36
11881,-36
11882,-35
11883,-35
11884,-35
11885,-34
11886,-33
11887,-33
11888,-33
11889,-32
11890,-31
11891,-30
11892,-29
11893,-28
11894,-27
11895,-27
11896,-25
11897,-22
11898,-18
11899,-15
11900,-13
11901,-13
11902,-14
11903,-15
11904,-17
11905,-19
11906,-21
11907,-25
11908,-28
11909,-30
11910,-30
11911,-28
11912,-25
11913,-22
11914,-21
11915,-20
11916,-19
11917,-18
11918,-17
11919,-16
11920,-15
11921,-16
11922,-17
11923,-18
11924,-21
11925,-23
11926,-25
11927,-27
11928,-29
11929,-30
11930,-31
11931,-32
11932,-34
11933,-34
11934,-35
11935,-36
11936,-36
11937,-37
11938,-36
11939,-36
11940,-35
11941,-34
11942,-32
11943,-32
11944,-31
11945,-30
11946,-30
11947,-30
11948,-30
11949,-30
11950,-30
11951,-31
11952,-31
11953,-31
11954,-30
11955,-29
11956,-28
11957,-27
11958,-26
11959,-26
11960,-25
11961,-25
11962,-25
11963,-25
11964,-25
11965,-26
11966,-26
11967,-26
11968,-26
11969,-26
11970,-25
11971,-24
11972,-23
11973,-22
11974,-20
11975,-18
11976,-17
11977,-15
11978,-14
11979,-13
11980,-13
11981,-12
11982,-10
11983,-8
11984,-6
11985,-4
11986,0
11987,3
11988,9
11989,16
11990,23
11991,30
11992,37
11993,43
11994,49
11995,55
11996,61
11997,65
11998,68
11999,67
12000,64
12001,59
12002,53
12003,46
12004,32
12005,4
12006,-8
12007,-13
12008,-17
12009,-20
12010,-23
12011,-26
12012,-29
12013,-31
12014,-34
12015,-36
12016,-37
12017,-39
12018,-41
12019,-42
12020,-43
12021,-43
12022,-44
12023,-47
12024,-49
12025,-52
12026,-53
12027,-54
12028,-53
12029,-50
12030,-46
12031,-40
12032,-16
12033,27
12034,95
12035,185
12036,294
12037,407
12038,506
12039,550
12040,546
12041,473
12042,326
12043,154
12044,1
12045,-99
12046,-122
12047,-129
12048,-113
12049,-99
12050,-90
12051,-83
12052,-74
12053,-63
12054,-54
12055,-49
12056,-46
12057,-43
12058,-39
12059,-37
12060,-35
12061,-34
12062,-33
12063,-33
12064,-31
12065,-30
12066,-28
12067,-27
12068,-26
12069,-25
12070,-24
12071,-23
12072,-23
12073,-22
12074,-21
12075,-21
12076,-21
12077,-21
12078,-21
12079,-20
12080,-19
12081,-18
12082,-16
12083,-14
12084,-12
12085,-9
12086,-6
12087,-2
12088,0
12089,3
12090,6
12091,9
12092,13
12093,19
12094,26
12095,38
12096,49
12097,60
12098,67
12099,73
12100,78
12101,82
12102,87
12103,91
12104,95
12105,99
12106,103
12107,108
12108,112
12109,116
12110,120
12111,124
12112,128
12113,131
12114,134
12115,137
12116,139
12117,142
12118,145
12119,149
12120,152
12121,154
12122,154
12123,151
12124,147
12125,142
12126,136
12127,127
12128,110
12129,98
12130,82
12131,61
12132,39
12133,17
12134,-2
12135,-16
12136,-29
12137,-45
12138,-64
12139,-72
12140,-75
12141,-78
12142,-81
12143,-84
12144,-86
12145,-87
12146,-89
12147,-90
12148,-92
12149,-93
12150,-95
12151,-95
12152,-95
12153,-95
12154,-95
12155,-95
12156,-96
12157,-97
12158,-97
12159,-98
12160,-99
12161,-100
12162,-101
12163,-101
12164,-101
12165,-100
12166,-98
12167,-97
12168,-95
12169,-93
12170,-91
12171,-89
12172,-87
12173,-85
12174,-84
12175,-83
12176,-82
12177,-81
12178,-80
12179,-80
12180,-79
12181,-79
12182,-78
12183,-78
12184,-77
12185,-76
12186,-75
12187,-74
12188,-73
12189,-71
12190,-70
12191,-69
12192,-67
12193,-66
12194,-65
12195,-63
12196,-61
12197,-59
12198,-56
12199,-54
12200,-51
12201,-48
12202,-44
12203,-41
12204,-39
12205,-38
12206,-39
12207,-42
12208,-45
12209,-48
12210,-51
12211,-53
12212,-56
12213,-59
12214,-62
12215,-64
12216,-64
12217,-63
12218,-60
12219,-57
12220,-55
12221,-53
12222,-52
12223,-50
12224,-48
12225,-46
12226,-44
12227,-42
12228,-40
12229,-38
12230,-37
12231,-35
12232,-35
12233,-35
12234,-36
12235,-38
12236,-39
12237,-40
12238,-41
12239,-42
12240,-42
12241,-43
12242,-44
12243,-43
12244,-43
12245,-43
12246,-45
12247,-46
12248,-46
12249,-40
12250,-30
12251,-19
12252,-6
12253,-2
12254,0
12255,0
12256,2
12257,4
12258,4
12259,3
12260,0
12261,-2
12262,-4
12263,-6
12264,-8
12265,-11
12266,-13
12267,-14
12268,-13
12269,-10
12270,-6
12271,-2
12272,1
12273,4
12274,9
12275,13
12276,17
12277,21
12278,23
12279,26
12280,28
12281,32
12282,35
12283,39
12284,43
12285,47
12286,51
12287,56
12288,61
12289,67
12290,72
12291,76
12292,80
12293,84
12294,88
12295,91
12296,94
12297,95
12298,95
12299,93
12300,91
12301,88
12302,84
12303,79
12304,73
12305,61
12306,51
12307,40
12308,28
12309,15
12310,5
12311,0
12312,-3
12313,-6
12314,-8
12315,-9
12316,-10
12317,-11
12318,-10
12319,-9
12320,-6
12321,-3
12322,0
12323,3
12324,7
12325,13
12326,20
12327,26
12328,31
12329,39
12330,65
12331,109
12332,173
12333,254
12334,349
12335,449
12336,537
12337,579
12338,575
12339,512
12340,378
12341,207
12342,42
12343,-79
12344,-129
12345,-131
12346,-97
12347,-45
12348,-27
12349,-22
12350,-20
12351,-17
12352,-12
12353,-3
12354,11
12355,26
12356,34
12357,39
12358,41
12359,40
12360,35
12361,32
12362,29
12363,27
12364,27
12365,31
12366,38
12367,45
12368,50
12369,56
12370,61
12371,66
12372,69
12373,73
12374,75
12375,78
12376,83
12377,85
12378,81
12379,74
12380,69
12381,65
12382,61
12383,58
12384,56
12385,56
12386,58
12387,62
12388,65
12389,69
12390,72
12391,76
12392,80
12393,86
12394,93
12395,100
12396,109
12397,116
12398,125
12399,133
12400,141
12401,148
12402,155
12403,161
12404,166
12405,170
12406,175
12407,179
12408,182
12409,185
12410,187
12411,188
12412,190
12413,191
12414,192
12415,193
12416,194
12417,196
12418,198
12419,202
12420,205
12421,205
12422,198
12423,187
12424,178
12425,168
12426,158
12427,150
12428,142
12429,126
12430,103
12431,86
12432,75
12433,64
12434,53
12435,34
12436,7
12437,-15
12438,-32
12439,-45
12440,-49
12441,-52
12442,-54
12443,-57
12444,-59
12445,-61
12446,-62
12447,-63
12448,-64
12449,-66
12450,-68
12451,-69
12452,-70
12453,-71
12454,-71
12455,-71
12456,-71
12457,-71
12458,-72
12459,-73
12460,-74
12461,-76
12462,-82
12463,-85
12464,-81
12465,-74
12466,-72
12467,-70
12468,-68
12469,-65
12470,-64
12471,-62
12472,-61
12473,-60
12474,-60
12475,-59
12476,-59
12477,-59
12478,-60
12479,-61
12480,-62
12481,-62
12482,-63
12483,-63
12484,-64
12485,-65
12486,-67
12487,-67
12488,-68
12489,-68
12490,-69
12491,-71
12492,-72
12493,-72
12494,-72
12495,-72
12496,-71
12497,-71
12498,-71
12499,-71
12500,-71
12501,-71
12502,-71
12503,-72
12504,-73
12505,-75
12506,-76
12507,-76
12508,-76
12509,-76
12510,-76
12511,-75
12512,-74
12513,-73
12514,-72
12515,-72
12516,-72
12517,-73
12518,-74
12519,-75
12520,-76
12521,-77
12522,-77
12523,-76
12524,-76
12525,-75
12526,-73
12527,-72
12528,-72
12529,-71
12530,-71
12531,-72
12532,-73
12533,-74
12534,-76
12535,-78
12536,-79
12537,-80
12538,-80
12539,-80
12540,-80
12541,-80
12542,-80
12543,-80
12544,-81
12545,-82
12546,-83
12547,-86
12548,-88
12549,-89
12550,-89
12551,-88
12552,-87
12553,-85
12554,-84
12555,-83
12556,-82
12557,-80
12558,-78
12559,-76
12560,-75
12561,-75
12562,-75
12563,-74
12564,-73
12565,-71
12566,-70
12567,-70
12568,-69
12569,-68
12570,-66
12571,-63
12572,-61
12573,-58
12574,-56
12575,-54
12576,-51
12577,-47
12578,-44
12579,-42
12580,-41
12581,-41
12582,-42
12583,-43
12584,-45
12585,-48
12586,-52
12587,-57
12588,-62
12589,-69
12590,-80
12591,-93
12592,-106
12593,-113
12594,-117
12595,-120
12596,-123
12597,-125
12598,-127
12599,-128
12600,-130
12601,-131
12602,-133
12603,-135
12604,-137
12605,-139
12606,-140
12607,-140
12608,-141
12609,-142
12610,-143
12611,-144
12612,-146
12613,-149
12614,-156
12615,-159
12616,-155
12617,-142
12618,-107
12619,-55
12620,8
12621,86
12622,170
12623,250
12624,296
12625,297
12626,255
12627,147
12628,6
12629,-139
12630,-264
12631,-350
12632,-376
12633,-372
12634,-343
12635,-316
12636,-290
12637,-266
12638,-246
12639,-223
12640,-204
12641,-189
12642,-172
12643,-160
12644,-150
12645,-141
12646,-131
12647,-122
12648,-117
12649,-114
12650,-112
12651,-109
12652,-107
12653,-104
12654,-101
12655,-99
12656,-97
12657,-95
12658,-93
12659,-91
12660,-89
12661,-88
12662,-88
12663,-87
12664,-87
12665,-87
12666,-87
12667,-85
12668,-83
12669,-82
12670,-79
12671,-77
12672,-74
12673,-70
12674,-67
12675,-64
12676,-61
12677,-58
12678,-55
12679,-51
12680,-44
12681,-37
12682,-31
12683,-26
12684,-21
12685,-16
12686,-10
12687,-2
12688,6
12689,15
12690,24
12691,32
12692,42
12693,49
12694,55
12695,60
12696,62
12697,64
12698,65
12699,67
12700,68
12701,70
12702,71
12703,72
12704,72
12705,72
12706,72
12707,72
12708,71
12709,70
12710,68
12711,66
12712,63
12713,60
12714,56
12715,51
12716,42
12717,20
12718,0
12719,-24
12720,-45
12721,-61
12722,-77
12723,-86
12724,-92
12725,-97
12726,-102
12727,-105
12728,-107
12729,-108
12730,-108
12731,-108
12732,-107
12733,-107
12734,-108
12735,-108
12736,-107
12737,-107
12738,-107
12739,-107
12740,-108
12741,-109
12742,-108
12743,-106
12744,-103
12745,-99
12746,-96
12747,-94
12748,-92
12749,-89
12750,-85
12751,-82
12752,-79
12753,-77
12754,-74
12755,-71
12756,-67
12757,-63
12758,-59
12759,-56
12760,-53
12761,-51
12762,-48
12763,-44
12764,-39
12765,-36
12766,-33
12767,-31
12768,-29
12769,-27
12770,-25
12771,-24
12772,-23
12773,-23
12774,-24
12775,-24
12776,-23
12777,-22
12778,-20
12779,-18
12780,-16
12781,-15
12782,-13
12783,-12
12784,-10
12785,-8
12786,-6
12787,-6
12788,-5
12789,-4
12790,-4
12791,-2
12792,0
12793,1
12794,2
12795,4
12796,6
12797,8
12798,10
12799,11
12800,12
12801,12
12802,12
12803,11
12804,11
12805,10
12806,10
12807,9
12808,9
12809,8
12810,8
12811,7
12812,8
12813,8
12814,8
12815,7
12816,6
12817,4
12818,2
12819,2
12820,8
12821,16
12822,23
12823,27
12824,30
12825,33
12826,36
12827,39
12828,41
12829,42
12830,43
12831,44
12832,45
12833,47
12834,49
12835,51
12836,51
12837,52
12838,52
12839,53
12840,54
12841,54
12842,56
12843,57
12844,60
12845,62
12846,67
12847,78
12848,89
12849,100
12850,111
12851,122
12852,130
12853,137
12854,143
12855,147
12856,151
12857,155
12858,157
12859,158
12860,155
12861,150
12862,144
12863,137
12864,130
12865,121
12866,113
12867,105
12868,99
12869,93
12870,87
12871,81
12872,77
12873,76
12874,76
12875,77
12876,78
12877,79
12878,81
12879,81
12880,80
12881,71
12882,62
12883,56
12884,52
12885,47
12886,43
12887,39
12888,37
12889,36
12890,37
12891,40
12892,44
12893,49
12894,56
12895,84
12896,131
12897,196
12898,277
12899,367
12900,454
12901,511
12902,530
12903,505
12904,429
12905,294
12906,143
12907,12
12908,-78
12909,-112
12910,-125
12911,-124
12912,-112
12913,-99
12914,-85
12915,-68
12916,-44
12917,-15
12918,8
12919,26
12920,41
12921,51
12922,60
12923,66
12924,71
12925,75
12926,78
12927,79
12928,80
12929,81
12930,81
12931,81
12932,82
12933,82
12934,82
12935,82
12936,82
12937,81
12938,81
12939,81
12940,80
12941,80
12942,79
12943,79
12944,79
12945,80
12946,80
12947,81
12948,82
12949,83
12950,85
12951,88
12952,91
12953,94
12954,97
12955,100
12956,107
12957,124
12958,138
12959,152
12960,164
12961,169
12962,172
12963,174
12964,175
12965,177
12966,179
12967,180
12968,181
12969,184
12970,186
12971,189
12972,193
12973,195
12974,198
12975,200
12976,203
12977,206
12978,209
12979,212
12980,215
12981,216
12982,216
12983,216
12984,214
12985,210
12986,205
12987,199
12988,191
12989,179
12990,157
12991,141
12992,125
12993,109
12994,93
12995,78
12996,62
12997,44
12998,25
12999,8
13000,-3
13001,-13
13002,-23
13003,-30
13004,-36
13005,-40
13006,-43
13007,-45
13008,-47
13009,-49
13010,-52
13011,-54
13012,-56
13013,-58
13014,-60
13015,-62
13016,-65
13017,-68
13018,-70
13019,-71
13020,-69
13021,-66
13022,-62
13023,-60
13024,-59
13025,-57
13026,-56
13027,-54
13028,-52
13029,-51
13030,-50
13031,-49
13032,-47
13033,-46
13034,-44
13035,-43
13036,-43
13037,-43
13038,-43
13039,-43
13040,-43
13041,-43
13042,-43
13043,-44
13044,-44
13045,-44
13046,-44
13047,-43
13048,-43
13049,-42
13050,-41
13051,-40
13052,-38
13053,-37
13054,-36
13055,-36
13056,-35
13057,-35
13058,-35
13059,-35
13060,-36
13061,-36
13062,-35
13063,-35
13064,-34
13065,-33
13066,-31
13067,-30
13068,-28
13069,-26
13070,-24
13071,-23
13072,-22
13073,-22
13074,-22
13075,-22
13076,-22
13077,-22
13078,-22
13079,-23
13080,-24
13081,-24
13082,-23
13083,-22
13084,-21
13085,-20
13086,-20
13087,-19
13088,-18
13089,-18
13090,-18
13091,-18
13092,-19
13093,-20
13094,-21
13095,-21
13096,-21
13097,-21
13098,-20
13099,-19
13100,-18
13101,-15
13102,-12
13103,-9
13104,-7
13105,-5
13106,-3
13107,-1
13108,0
13109,2
13110,5
13111,7
13112,9
13113,11
13114,12
13115,14
13116,16
13117,18
13118,21
13119,23
13120,25
13121,26
13122,27
13123,28
13124,29
13125,31
13126,32
13127,33
13128,34
13129,36
13130,41
13131,54
13132,67
13133,76
13134,83
13135,89
13136,92
13137,91
13138,86
13139,79
13140,71
13141,60
13142,50
13143,42
13144,35
13145,28
13146,20
13147,9
13148,-3
13149,-13
13150,-21
13151,-28
13152,-32
13153,-33
13154,-33
13155,-32
13156,-31
13157,-31
13158,-31
13159,-31
13160,-32
13161,-32
13162,-32
13163,-32
13164,-31
13165,-30
13166,-29
13167,-28
13168,-26
13169,-23
13170,-20
13171,-16
13172,-12
13173,5
13174,54
13175,120
13176,198
13177,285
13178,373
13179,433
13180,453
13181,427
13182,349
13183,210
13184,62
13185,-62
13186,-137
13187,-158
13188,-162
13189,-166
13190,-167
13191,-163
13192,-150
13193,-113
13194,-71
13195,-29
13196,-8
13197,-2
13198,0
13199,1
13200,3
13201,4
13202,6
13203,7
13204,7
13205,8
13206,8
13207,8
13208,8
13209,7
13210,7
13211,8
13212,8
13213,8
13214,9
13215,11
13216,14
13217,16
13218,19
13219,21
13220,22
13221,24
13222,26
13223,27
13224,28
13225,29
13226,29
13227,31
13228,33
13229,35
13230,38
13231,40
13232,42
13233,45
13234,47
13235,50
13236,52
13237,54
13238,56
13239,58
13240,59
13241,61
13242,64
13243,68
13244,74
13245,87
13246,98
13247,108
13248,114
13249,118
13250,121
13251,124
13252,127
13253,129
13254,131
13255,132
13256,133
13257,133
13258,133
13259,132
13260,131
13261,129
13262,127
13263,124
13264,121
13265,116
13266,111
13267,100
13268,76
13269,56
13270,42
13271,31
13272,21
13273,10
13274,-1
13275,-18
13276,-38
13277,-50
13278,-56
13279,-61
13280,-67
13281,-74
13282,-80
13283,-86
13284,-93
13285,-99
13286,-104
13287,-109
13288,-113
13289,-115
13290,-118
13291,-120
13292,-122
13293,-123
13294,-124
13295,-124
13296,-124
13297,-124
13298,-123
13299,-122
13300,-121
13301,-119
13302,-118
13303,-116
13304,-115
13305,-114
13306,-113
13307,-112
13308,-111
13309,-110
13310,-110
13311,-109
13312,-109
13313,-108
13314,-107
13315,-105
13316,-105
13317,-104
13318,-104
13319,-103
13320,-102
13321,-101
13322,-99
13323,-97
13324,-94
13325,-92
13326,-89
13327,-86
13328,-83
13329,-80
13330,-79
13331,-78
13332,-78
13333,-78
13334,-79
13335,-79
13336,-79
13337,-79
13338,-79
13339,-79
13340,-79
13341,-79
13342,-78
13343,-78
13344,-77
13345,-77
13346,-78
13347,-78
13348,-79
13349,-79
13350,-78
13351,-76
13352,-74
13353,-72
13354,-72
13355,-71
13356,-70
13357,-69
13358,-68
13359,-68
13360,-69
13361,-69
13362,-69
13363,-69
13364,-69
13365,-68
13366,-68
13367,-68
13368,-67
13369,-67
13370,-66
13371,-65
13372,-64
13373,-63
13374,-62
13375,-61
13376,-60
13377,-58
13378,-56
13379,-54
13380,-52
13381,-50
13382,-49
13383,-48
13384,-47
13385,-45
13386,-44
13387,-43
13388,-42
13389,-41
13390,-40
13391,-40
13392,-38
13393,-37
13394,-35
13395,-33
13396,-32
13397,-30
13398,-29
13399,-27
13400,-25
13401,-24
13402,-22
13403,-20
13404,-18
13405,-15
13406,-11
13407,-7
13408,-2
13409,1
13410,5
13411,8
13412,10
13413,12
13414,15
13415,18
13416,24
13417,34
13418,41
13419,45
13420,48
13421,49
13422,51
13423,51
13424,51
13425,50
13426,47
13427,42
13428,37
13429,33
13430,29
13431,26
13432,23
13433,19
13434,16
13435,12
13436,10
13437,7
13438,6
13439,4
13440,2
13441,1
13442,0
13443,-1
13444,-2
13445,-3
13446,-4
13447,-6
13448,-8
13449,-10
13450,-11
13451,-11
13452,-10
13453,-9
13454,-6
13455,-2
13456,3
13457,27
13458,67
13459,127
13460,203
13461,293
13462,388
13463,474
13464,526
13465,528
13466,490
13467,384
13468,243
13469,104
13470,-1
13471,-47
13472,-61
13473,-69
13474,-74
13475,-75
13476,-74
13477,-71
13478,-65
13479,-57
13480,-43
13481,-16
13482,-3
13483,3
13484,8
13485,11
13486,13
13487,15
13488,19
13489,23
13490,26
13491,29
13492,30
13493,32
13494,33
13495,35
13496,38
13497,42
13498,45
13499,46
13500,45
13501,45
13502,44
13503,44
13504,43
13505,42
13506,40
13507,38
13508,38
13509,42
13510,48
13511,53
13512,55
13513,57
13514,58
13515,60
13516,63
13517,65
13518,68
13519,70
13520,72
13521,74
13522,77
13523,79
13524,81
13525,83
13526,85
13527,88
13528,94
13529,106
13530,117
13531,127
13532,140
13533,153
13534,160
13535,164
13536,167
13537,169
13538,171
13539,173
13540,173
13541,174
13542,174
13543,173
13544,173
13545,172
13546,170
13547,167
13548,164
13549,161
13550,154
13551,136
13552,123
13553,114
13554,107
13555,101
13556,92
13557,77
13558,60
13559,41
13560,20
13561,2
13562,-11
13563,-28
13564,-43
13565,-55
13566,-67
13567,-75
13568,-80
13569,-84
13570,-88
13571,-91
13572,-94
13573,-97
13574,-99
13575,-102
13576,-104
13577,-105
13578,-106
13579,-107
13580,-107
13581,-106
13582,-104
13583,-101
13584,-98
13585,-95
13586,-92
13587,-89
13588,-87
13589,-83
13590,-80
13591,-77
13592,-76
13593,-76
13594,-77
13595,-79
13596,-81
13597,-83
13598,-85
13599,-89
13600,-96
13601,-100
13602,-95
13603,-86
13604,-81
13605,-78
13606,-75
13607,-73
13608,-71
13609,-69
13610,-67
13611,-65
13612,-63
13613,-63
13614,-62
13615,-62
13616,-61
13617,-60
13618,-59
13619,-58
13620,-58
13621,-58
13622,-57
13623,-56
13624,-55
13625,-56
13626,-57
13627,-60
13628,-62
13629,-64
13630,-66
13631,-68
13632,-71
13633,-73
13634,-75
13635,-75
13636,-72
13637,-68
13638,-64
13639,-61
13640,-60
13641,-58
13642,-56
13643,-54
13644,-53
13645,-52
13646,-52
13647,-52
13648,-52
13649,-51
13650,-51
13651,-50
13652,-50
13653,-50
13654,-50
13655,-50
13656,-49
13657,-49
13658,-49
13659,-50
13660,-50
13661,-50
13662,-50
13663,-50
13664,-49
13665,-49
13666,-49
13667,-48
13668,-48
13669,-47
13670,-47
13671,-46
13672,-46
13673,-46
13674,-44
13675,-43
13676,-41
13677,-40
13678,-39
13679,-38
13680,-37
13681,-35
13682,-34
13683,-33
13684,-32
13685,-31
13686,-30
13687,-26
13688,-26
13689,-32
13690,-36
13691,-38
13692,-40
13693,-42
13694,-42
13695,-40
13696,-36
13697,-31
13698,-24
13699,-9
13700,8
13701,13
13702,16
13703,18
13704,20
13705,23
13706,26
13707,30
13708,35
13709,40
13710,44
13711,47
13712,50
13713,54
13714,57
13715,60
13716,62
13717,64
13718,65
13719,65
13720,65
13721,64
13722,62
13723,60
13724,57
13725,54
13726,49
13727,39
13728,31
13729,20
13730,4
13731,-4
13732,-8
13733,-11
13734,-14
13735,-15
13736,-17
13737,-18
13738,-19
13739,-20
13740,-21
13741,-22
13742,-23
13743,-24
13744,-25
13745,-27
13746,-29
13747,-30
13748,-28
13749,-22
13750,-14
13751,0
13752,23
13753,59
13754,112
13755,186
13756,283
13757,395
13758,504
13759,579
13760,587
13761,556
13762,442
13763,287
13764,133
13765,19
13766,-15
13767,-27
13768,-22
13769,-14
13770,-9
13771,-14
13772,-21
13773,-25
13774,-21
13775,-17
13776,-15
13777,-14
13778,-12
13779,-10
13780,-8
13781,-5
13782,-1
13783,4
13784,13
13785,17
13786,19
13787,19
13788,20
13789,21
13790,21
13791,22
13792,24
13793,25
13794,28
13795,30
13796,32
13797,33
13798,35
13799,37
13800,40
13801,44
13802,48
13803,51
13804,53
13805,57
13806,61
13807,64
13808,63
13809,61
13810,59
13811,56
13812,54
13813,54
13814,56
13815,60
13816,67
13817,78
13818,97
13819,109
13820,115
13821,121
13822,126
13823,131
13824,134
13825,137
13826,139
13827,142
13828,144
13829,146
13830,147
13831,149
13832,150
13833,151
13834,152
13835,153
13836,154
13837,156
13838,157
13839,160
13840,163
13841,164
13842,162
13843,157
13844,151
13845,145
13846,138
13847,132
13848,126
13849,121
13850,114
13851,104
13852,93
13853,80
13854,64
13855,48
13856,32
13857,15
13858,-2
13859,-21
13860,-42
13861,-58
13862,-67
13863,-73
13864,-76
13865,-79
13866,-81
13867,-83
13868,-84
13869,-86
13870,-87
13871,-89
13872,-90
13873,-92
13874,-93
13875,-95
13876,-97
13877,-100
13878,-103
13879,-105
13880,-105
13881,-103
13882,-100
13883,-98
13884,-97
13885,-96
13886,-94
13887,-92
13888,-90
13889,-88
13890,-88
13891,-88
13892,-88
13893,-89
13894,-90
13895,-91
13896,-93
13897,-97
13898,-97
13899,-89
13900,-81
13901,-75
13902,-69
13903,-64
13904,-61
13905,-55
13906,-49
13907,-49
13908,-57
13909,-61
13910,-64
13911,-67
13912,-69
13913,-71
13914,-71
13915,-72
13916,-72
13917,-72
13918,-72
13919,-71
13920,-70
13921,-68
13922,-66
13923,-64
13924,-62
13925,-61
13926,-59
13927,-57
13928,-55
13929,-54
13930,-55
13931,-58
13932,-61
13933,-64
13934,-65
13935,-66
13936,-67
13937,-69
13938,-71
13939,-74
13940,-76
13941,-78
13942,-79
13943,-80
13944,-81
13945,-81
13946,-80
13947,-80
13948,-80
13949,-80
13950,-81
13951,-83
13952,-85
13953,-84
13954,-77
13955,-70
13956,-65
13957,-61
13958,-56
13959,-52
13960,-49
13961,-49
13962,-50
13963,-52
13964,-55
13965,-57
13966,-59
13967,-61
13968,-64
13969,-66
13970,-68
13971,-69
13972,-67
13973,-65
13974,-63
13975,-62
13976,-61
13977,-60
13978,-59
13979,-58
13980,-57
13981,-57
13982,-57
13983,-58
13984,-57
13985,-57
13986,-56
13987,-55
13988,-54
13989,-53
13990,-53
13991,-52
13992,-51
13993,-50
13994,-48
13995,-47
13996,-45
13997,-43
13998,-40
13999,-36
14000,-31
14001,-24
14002,-17
14003,-12
14004,-7
14005,-2
14006,3
14007,10
14008,17
14009,25
14010,33
14011,39
14012,44
14013,49
14014,52
14015,55
14016,57
14017,59
14018,61
14019,63
14020,66
14021,68
14022,70
14023,70
14024,67
14025,62
14026,55
14027,47
14028,35
14029,19
14030,11
14031,6
14032,2
14033,0
14034,-3
14035,-5
14036,-7
14037,-8
14038,-10
14039,-11
14040,-12
14041,-13
14042,-14
14043,-15
14044,-16
14045,-17
14046,-18
14047,-20
14048,-22
14049,-22
14050,-22
14051,-20
14052,-16
14053,-10
14054,-4
14055,8
14056,33
14057,80
14058,143
14059,228
14060,332
14061,451
14062,559
14063,607
14064,600
14065,518
14066,364
14067,192
14068,47
14069,-52
14070,-87
14071,-100
14072,-100
14073,-89
14074,-72
14075,-46
14076,-15
14077,2
14078,6
14079,7
14080,8
14081,9
14082,10
14083,12
14084,12
14085,12
14086,12
14087,12
14088,12
14089,12
14090,12
14091,12
14092,12
14093,13
14094,14
14095,15
14096,16
14097,18
14098,20
14099,22
14100,23
14101,25
14102,27
14103,32
14104,37
14105,44
14106,52
14107,59
14108,66
14109,72
14110,75
14111,74
14112,71
14113,67
14114,63
14115,60
14116,57
14117,55
14118,54
14119,55
14120,59
14121,65
14122,72
14123,84
14124,101
14125,111
14126,118
14127,123
14128,128
14129,135
14130,144
14131,153
14132,158
14133,163
14134,167
14135,171
14136,174
14137,177
14138,178
14139,179
14140,179
14141,179
14142,178
14143,176
14144,173
14145,169
14146,164
14147,159
14148,151
14149,135
14150,118
14151,108
14152,102
14153,96
14154,92
14155,88
14156,84
14157,81
14158,76
14159,70
14160,58
14161,36
14162,10
14163,-13
14164,-31
14165,-41
14166,-53
14167,-64
14168,-71
14169,-76
14170,-80
14171,-84
14172,-87
14173,-88
14174,-88
14175,-86
14176,-84
14177,-82
14178,-80
14179,-78
14180,-76
14181,-74
14182,-72
14183,-70
14184,-70
14185,-69
14186,-69
14187,-69
14188,-69
14189,-69
14190,-69
14191,-71
14192,-72
14193,-73
14194,-73
14195,-73
14196,-72
14197,-71
14198,-70
14199,-69
14200,-68
14201,-67
14202,-66
14203,-64
14204,-63
14205,-62
14206,-61
14207,-59
14208,-56
14209,-51
14210,-44
14211,-39
14212,-38
14213,-40
14214,-44
14215,-47
14216,-49
14217,-51
14218,-54
14219,-56
14220,-58
14221,-60
14222,-60
14223,-58
14224,-55
14225,-51
14226,-47
14227,-43
14228,-39
14229,-35
14230,-31
14231,-27
14232,-25
14233,-24
14234,-25
14235,-28
14236,-34
14237,-39
14238,-45
14239,-49
14240,-52
14241,-56
14242,-60
14243,-64
14244,-68
14245,-71
14246,-73
14247,-75
14248,-78
14249,-79
14250,-80
14251,-79
14252,-78
14253,-76
14254,-74
14255,-73
14256,-71
14257,-70
14258,-68
14259,-67
14260,-66
14261,-65
14262,-65
14263,-65
14264,-64
14265,-63
14266,-62
14267,-61
14268,-60
14269,-59
14270,-58
14271,-56
14272,-55
14273,-53
14274,-52
14275,-52
14276,-51
14277,-51
14278,-49
14279,-48
14280,-48
14281,-47
14282,-46
14283,-46
14284,-45
14285,-44
14286,-44
14287,-43
14288,-43
14289,-42
14290,-42
14291,-42
14292,-42
14293,-43
14294,-43
14295,-43
14296,-42
14297,-42
14298,-41
14299,-40
14300,-39
14301,-37
14302,-35
14303,-33
14304,-30
14305,-27
14306,-24
14307,-19
14308,-9
14309,1
14310,10
14311,19
14312,26
14313,31
14314,36
14315,41
14316,44
14317,48
14318,50
14319,53
14320,55
14321,58
14322,60
14323,63
14324,66
14325,71
14326,77
14327,79
14328,77
14329,71
14330,62
14331,51
14332,34
14333,19
14334,13
14335,10
14336,7
14337,3
14338,0
14339,-2
14340,-4
14341,-6
14342,-8
14343,-9
14344,-11
14345,-12
14346,-12
14347,-11
14348,-10
14349,-9
14350,-8
14351,-7
14352,-5
14353,-2
14354,0
14355,5
14356,9
14357,15
14358,48
14359,94
14360,154
14361,230
14362,323
14363,423
14364,510
14365,541
14366,532
14367,451
14368,306
14369,134
14370,-25
14371,-140
14372,-171
14373,-181
14374,-160
14375,-125
14376,-92
14377,-67
14378,-40
14379,-9
14380,20
14381,33
14382,37
14383,41
14384,44
14385,46
14386,48
14387,49
14388,49
14389,50
14390,51
14391,53
14392,55
14393,57
14394,58
14395,60
14396,61
14397,63
14398,65
14399,68
14400,71
14401,75
14402,79
14403,83
14404,91
14405,99
14406,104
14407,108
14408,110
14409,112
14410,113
14411,114
14412,115
14413,117
14414,118
14415,120
14416,122
14417,124
14418,126
14419,128
14420,132
14421,135
14422,139
14423,142
14424,146
14425,153
14426,162
14427,169
14428,175
14429,180
14430,185
14431,189
14432,194
14433,198
14434,202
14435,205
14436,208
14437,210
14438,212
14439,213
14440,215
14441,216
14442,218
14443,221
14444,223
14445,224
14446,225
14447,226
14448,225
14449,222
14450,219
14451,215
14452,209
14453,201
14454,187
14455,173
14456,158
14457,144
14458,131
14459,121
14460,114
14461,107
14462,100
14463,92
14464,77
14465,54
14466,34
14467,20
14468,5
14469,-7
14470,-19
14471,-25
14472,-27
14473,-30
14474,-33
14475,-35
14476,-34
14477,-33
14478,-32
14479,-31
14480,-30
14481,-29
14482,-31
14483,-33
14484,-36
14485,-37
14486,-38
14487,-40
14488,-42
14489,-44
14490,-46
14491,-47
14492,-48
14493,-49
14494,-48
14495,-47
14496,-45
14497,-43
14498,-40
14499,-37
14500,-33
14501,-30
14502,-27
14503,-23
14504,-20
14505,-17
14506,-14
14507,-12
14508,-10
14509,-8
14510,-6
14511,-5
14512,-4
14513,-3
14514,-1
14515,1
14516,3
14517,5
14518,5
14519,4
14520,2
14521,0
14522,-2
14523,-3
14524,-4
14525,-6
14526,-8
14527,-9
14528,-10
14529,-11
14530,-12
14531,-13
14532,-13
14533,-13
14534,-13
14535,-13
14536,-13
14537,-13
14538,-14
14539,-14
14540,-15
14541,-16
14542,-17
14543,-18
14544,-19
14545,-20
14546,-22
14547,-23
14548,-24
14549,-25
14550,-25
14551,-26
14552,-26
14553,-27
14554,-27
14555,-27
14556,-27
14557,-27
14558,-28
14559,-28
14560,-29
14561,-29
14562,-30
14563,-32
14564,-34
14565,-35
14566,-37
14567,-38
14568,-38
14569,-38
14570,-39
14571,-39
14572,-39
14573,-40
14574,-40
14575,-40
14576,-41
14577,-42
14578,-44
14579,-46
14580,-47
14581,-47
14582,-47
14583,-47
14584,-47
14585,-47
14586,-46
14587,-45
14588,-43
14589,-42
14590,-41
14591,-40
14592,-40
14593,-39
14594,-38
14595,-38
14596,-37
14597,-38
14598,-38
14599,-39
14600,-39
14601,-39
14602,-39
14603,-38
14604,-37
14605,-37
14606,-35
14607,-33
14608,-31
14609,-28
14610,-24
14611,-21
14612,-17
14613,-12
14614,-6
14615,6
14616,16
14617,20
14618,22
14619,25
14620,29
14621,31
14622,31
14623,25
14624,16
14625,7
14626,-2
14627,-11
14628,-19
14629,-28
14630,-35
14631,-41
14632,-46
14633,-52
14634,-56
14635,-61
14636,-68
14637,-96
14638,-141
14639,-157
14640,-164
14641,-169
14642,-170
14643,-167
14644,-157
14645,-143
14646,-117
14647,-88
14648,-71
14649,-78
14650,-98
14651,-148
14652,-197
14653,-235
14654,-248
14655,-240
14656,-217
14657,-140
14658,-17
14659,129
14660,272
14661,385
14662,446
14663,452
14664,416
14665,312
14666,166
14667,6
14668,-133
14669,-223
14670,-242
14671,-248
14672,-234
14673,-223
14674,-217
14675,-213
14676,-208
14677,-202
14678,-196
14679,-190
14680,-185
14681,-181
14682,-178
14683,-176
14684,-174
14685,-173
14686,-172
14687,-171
14688,-168
14689,-166
14690,-163
14691,-161
14692,-160
14693,-158
14694,-157
14695,-157
14696,-157
14697,-156
14698,-156
14699,-155
14700,-154
14701,-149
14702,-145
14703,-142
14704,-144
14705,-148
14706,-157
14707,-186
14708,-233
14709,-268
14710,-280
14711,-287
14712,-290
14713,-289
14714,-285
14715,-279
14716,-269
14717,-246
14718,-211
14719,-193
14720,-188
14721,-185
14722,-182
14723,-179
14724,-176
14725,-173
14726,-169
14727,-163
14728,-155
14729,-142
14730,-129
14731,-117
14732,-107
14733,-107
14734,-122
14735,-139
14736,-155
14737,-161
14738,-165
14739,-169
14740,-171
14741,-171
14742,-166
14743,-157
14744,-129
14745,-94
14746,-81
14747,-76
14748,-82
14749,-93
14750,-103
14751,-114
14752,-126
14753,-139
14754,-153
14755,-167
14756,-181
14757,-195
14758,-207
14759,-218
14760,-228
14761,-236
14762,-245
14763,-260
14764,-289
14765,-307
14766,-316
14767,-323
14768,-327
14769,-329
14770,-328
14771,-325
14772,-319
14773,-311
14774,-294
14775,-271
14776,-263
14777,-259
14778,-256
14779,-253
14780,-249
14781,-244
14782,-239
14783,-235
14784,-229
14785,-223
14786,-216
14787,-205
14788,-196
14789,-191
14790,-188
14791,-182
14792,-175
14793,-177
14794,-198
14795,-233
14796,-256
14797,-263
14798,-268
14799,-270
14800,-265
14801,-251
14802,-231
14803,-203
14804,-156
14805,-104
14806,-80
14807,-71
14808,-68
14809,-65
14810,-62
14811,-60
14812,-58
14813,-56
14814,-52
14815,-49
14816,-45
14817,-40
14818,-34
14819,-29
14820,-23
14821,-15
14822,-3
14823,7
14824,13
14825,17
14826,20
14827,21
14828,22
14829,23
14830,24
14831,25
14832,26
14833,26
14834,27
14835,27
14836,29
14837,30
14838,32
14839,34
14840,35
14841,37
14842,39
14843,41
14844,44
14845,47
14846,50
14847,52
14848,55
14849,58
14850,61
14851,64
14852,67
14853,70
14854,74
14855,77
14856,79
14857,80
14858,81
14859,82
14860,84
14861,85
14862,87
14863,89
14864,92
14865,96
14866,101
14867,108
14868,117
14869,128
14870,140
14871,149
14872,160
14873,169
14874,173
14875,174
14876,175
14877,174
14878,174
14879,175
14880,175
14881,177
14882,178
14883,179
14884,180
14885,181
14886,183
14887,186
14888,189
14889,192
14890,195
14891,198
14892,200
14893,203
14894,207
14895,211
14896,216
14897,220
14898,224
14899,227
14900,230
14901,234
14902,237
14903,241
14904,244
14905,247
14906,251
14907,257
14908,265
14909,272
14910,279
14911,286
14912,293
14913,302
14914,313
14915,324
14916,334
14917,343
14918,348
14919,352
14920,357
14921,361
14922,364
14923,366
14924,365
14925,363
14926,359
14927,355
14928,350
14929,344
14930,338
14931,329
14932,319
14933,309
14934,300
14935,295
14936,290
14937,285
14938,281
14939,277
14940,274
14941,272
14942,270
14943,268
14944,268
14945,268
14946,268
14947,270
14948,272
14949,274
14950,277
14951,281
14952,286
14953,290
14954,296
14955,310
14956,341
14957,386
14958,448
14959,533
14960,638
14961,747
14962,829
14963,840
14964,817
14965,711
14966,562
14967,401
14968,262
14969,164
14970,126
14971,113
14972,129
14973,154
14974,189
14975,208
14976,216
14977,223
14978,229
14979,233
14980,237
14981,239
14982,241
14983,242
14984,242
14985,241
14986,238
14987,234
14988,229
14989,223
14990,219
14991,215
14992,212
14993,211
14994,209
14995,207
14996,204
14997,202
14998,199
14999,196
15000,193
15001,190
15002,187
15003,185
15004,184
15005,183
15006,182
15007,181
15008,181
15009,181
15010,182
15011,182
15012,183
15013,183
15014,182
15015,183
15016,184
15017,186
15018,187
15019,189
15020,190
15021,192
15022,194
15023,198
15024,202
15025,207
15026,210
15027,217
15028,235
15029,251
15030,265
15031,278
15032,283
15033,285
15034,286
15035,288
15036,289
15037,291
15038,292
15039,292
15040,293
15041,293
15042,293
15043,293
15044,292
15045,289
15046,285
15047,281
15048,276
15049,271
15050,264
15051,258
15052,248
15053,228
15054,210
15055,195
15056,182
15057,171
15058,159
15059,145
15060,130
15061,114
15062,95
15063,78
15064,63
15065,44
15066,22
15067,-5
15068,-18
15069,-25
15070,-31
15071,-35
15072,-39
15073,-41
15074,-44
15075,-46
15076,-49
15077,-52
15078,-56
15079,-61
15080,-64
15081,-67
15082,-69
15083,-72
15084,-74
15085,-76
15086,-77
15087,-78
15088,-78
15089,-79
15090,-81
15091,-83
15092,-85
15093,-86
15094,-87
15095,-88
15096,-89
15097,-90
15098,-91
15099,-91
15100,-90
15101,-89
15102,-88
15103,-88
15104,-88
15105,-88
15106,-88
15107,-88
15108,-88
15109,-88
15110,-89
15111,-90
15112,-91
15113,-91
15114,-92
15115,-93
15116,-94
15117,-96
15118,-97
15119,-98
15120,-99
15121,-100
15122,-101
15123,-102
15124,-102
15125,-102
15126,-102
15127,-102
15128,-101
15129,-101
15130,-101
15131,-101
15132,-100
15133,-100
15134,-100
15135,-100
15136,-100
15137,-100
15138,-99
15139,-98
15140,-97
15141,-95
15142,-94
15143,-93
15144,-92
15145,-91
15146,-90
15147,-90
15148,-90
15149,-91
15150,-92
15151,-93
15152,-93
15153,-94
15154,-94
15155,-95
15156,-95
15157,-95
15158,-95
15159,-95
15160,-95
15161,-95
15162,-96
15163,-97
15164,-99
15165,-100
15166,-101
15167,-102
15168,-103
15169,-104
15170,-106
15171,-107
15172,-108
15173,-108
15174,-107
15175,-106
15176,-105
15177,-105
15178,-104
15179,-104
15180,-104
15181,-104
15182,-104
15183,-105
15184,-106
15185,-106
15186,-106
15187,-106
15188,-104
15189,-103
15190,-101
15191,-98
15192,-96
15193,-93
15194,-90
15195,-88
15196,-87
15197,-86
15198,-85
15199,-84
15200,-82
15201,-80
15202,-77
15203,-73
15204,-68
15205,-62
15206,-56
15207,-50
15208,-44
15209,-40
15210,-36
15211,-32
15212,-28
15213,-25
15214,-23
15215,-20
15216,-16
15217,-13
15218,-9
15219,-7
15220,-6
15221,-7
15222,-12
15223,-19
15224,-28
15225,-37
15226,-45
15227,-50
15228,-54
15229,-58
15230,-62
15231,-66
15232,-70
15233,-74
15234,-78
15235,-81
15236,-84
15237,-87
15238,-90
15239,-91
15240,-92
15241,-91
15242,-89
15243,-86
15244,-84
15245,-81
15246,-78
15247,-75
15248,-72
15249,-68
15250,-63
15251,-59
15252,-55
15253,-41
15254,-4
15255,62
15256,146
15257,247
15258,353
15259,445
15260,476
15261,461
15262,412
15263,282
15264,128
15265,-11
15266,-112
15267,-137
15268,-140
15269,-143
15270,-145
15271,-144
15272,-137
15273,-126
15274,-111
15275,-90
15276,-76
15277,-69
15278,-65
15279,-60
15280,-56
15281,-53
15282,-50
15283,-48
15284,-45
15285,-42
15286,-40
15287,-38
15288,-37
15289,-37
15290,-36
15291,-35
15292,-34
15293,-34
15294,-33
15295,-33
15296,-31
15297,-29
15298,-28
15299,-26
15300,-25
15301,-25
15302,-24
15303,-22
15304,-21
15305,-19
15306,-18
15307,-17
15308,-16
15309,-14
15310,-11
15311,-7
15312,-3
15313,0
15314,3
15315,8
15316,13
15317,18
15318,23
15319,28
15320,32
15321,36
15322,41
15323,45
15324,49
15325,54
15326,58
15327,63
15328,70
15329,76
15330,83
15331,89
15332,94
15333,98
15334,102
15335,105
15336,109
15337,112
15338,115
15339,120
15340,125
15341,129
15342,131
15343,131
15344,129
15345,125
15346,120
15347,113
15348,99
15349,73
15350,54
15351,42
15352,29
15353,16
15354,1
15355,-15
15356,-32
15357,-46
15358,-58
15359,-71
15360,-86
15361,-93
15362,-97
15363,-102
15364,-105
15365,-108
15366,-111
15367,-113
15368,-115
15369,-116
15370,-117
15371,-119
15372,-120
15373,-121
15374,-122
15375,-123
15376,-124
15377,-124
15378,-125
15379,-125
15380,-126
15381,-126
15382,-127
15383,-127
15384,-127
15385,-129
15386,-131
15387,-130
15388,-121
15389,-112
15390,-108
15391,-106
15392,-104
15393,-102
15394,-101
15395,-99
15396,-97
15397,-95
15398,-93
15399,-91
15400,-90
15401,-88
15402,-88
15403,-88
15404,-87
15405,-87
15406,-88
15407,-89
15408,-89
15409,-89
15410,-88
15411,-87
15412,-85
15413,-84
15414,-82
15415,-81
15416,-81
15417,-80
15418,-79
15419,-79
15420,-79
15421,-80
15422,-80
15423,-81
15424,-81
15425,-82
15426,-82
15427,-82
15428,-82
15429,-82
15430,-81
15431,-81
15432,-80
15433,-80
15434,-80
15435,-79
15436,-79
15437,-80
15438,-80
15439,-79
15440,-79
15441,-79
15442,-78
15443,-78
15444,-78
15445,-78
15446,-78
15447,-77
15448,-77
15449,-76
15450,-76
15451,-75
15452,-74
15453,-73
15454,-72
15455,-72
15456,-71
15457,-71
15458,-71
15459,-70
15460,-70
15461,-69
15462,-69
15463,-68
15464,-67
15465,-66
15466,-64
15467,-62
15468,-60
15469,-58
15470,-57
15471,-56
15472,-56
15473,-55
15474,-55
15475,-56
15476,-58
15477,-61
15478,-63
15479,-66
15480,-68
15481,-71
15482,-77
15483,-81
15484,-76
15485,-66
15486,-55
15487,-45
15488,-34
15489,-24
15490,-20
15491,-16
15492,-13
15493,-10
15494,-7
15495,-5
15496,-3
15497,-1
15498,1
15499,4
15500,7
15501,10
15502,13
15503,15
15504,19
15505,23
15506,30
15507,45
15508,53
15509,56
15510,58
15511,60
15512,62
15513,63
15514,60
15515,53
15516,43
15517,31
15518,14
15519,-6
15520,-17
15521,-25
15522,-32
15523,-38
15524,-42
15525,-43
15526,-43
15527,-41
15528,-39
15529,-36
15530,-33
15531,-31
15532,-28
15533,-25
15534,-22
15535,-19
15536,-16
15537,-14
15538,-11
15539,-8
15540,-3
15541,16
15542,61
15543,124
15544,199
15545,279
15546,359
15547,427
15548,458
15549,453
15550,397
15551,280
15552,134
15553,-7
15554,-116
15555,-164
15556,-180
15557,-168
15558,-147
15559,-122
15560,-95
15561,-65
15562,-31
15563,-1
15564,8
15565,13
15566,16
15567,20
15568,22
15569,24
15570,25
15571,26
15572,27
15573,28
15574,29
15575,30
15576,31
15577,32
15578,33
15579,35
15580,38
15581,40
15582,43
15583,45
15584,47
15585,48
15586,49
15587,50
15588,50
15589,50
15590,51
15591,52
15592,53
15593,54
15594,56
15595,58
15596,61
15597,63
15598,65
15599,67
15600,69
15601,71
15602,73
15603,75
15604,78
15605,82
15606,91
15607,111
15608,125
15609,131
15610,135
15611,139
15612,143
15613,146
15614,149
15615,152
15616,154
15617,156
15618,157
15619,158
15620,158
15621,158
15622,159
15623,159
15624,159
15625,159
15626,158
15627,157
15628,155
15629,154
15630,153
15631,151
15632,148
15633,145
15634,141
15635,137
15636,132
15637,122
15638,111
15639,104
15640,97
15641,85
15642,61
15643,42
15644,31
15645,22
15646,12
15647,4
15648,-5
15649,-15
15650,-24
15651,-32
15652,-39
15653,-46
15654,-55
15655,-66
15656,-72
15657,-76
15658,-80
15659,-83
15660,-86
15661,-88
15662,-88
15663,-88
15664,-89
15665,-89
15666,-89
15667,-89
15668,-90
15669,-89
15670,-89
15671,-89
15672,-89
15673,-88
15674,-88
15675,-89
15676,-91
15677,-94
15678,-96
15679,-99
15680,-101
15681,-104
15682,-105
15683,-106
15684,-106
15685,-104
15686,-100
15687,-94
15688,-88
15689,-82
15690,-77
15691,-72
15692,-68
15693,-63
15694,-60
15695,-57
15696,-55
15697,-54
15698,-54
15699,-55
15700,-56
15701,-58
15702,-59
15703,-60
15704,-62
15705,-63
15706,-65
15707,-66
15708,-68
15709,-69
15710,-71
15711,-72
15712,-72
15713,-71
15714,-70
15715,-69
15716,-67
15717,-66
15718,-65
15719,-65
15720,-64
15721,-64
15722,-63
15723,-63
15724,-62
15725,-63
15726,-63
15727,-64
15728,-64
15729,-64
15730,-64
15731,-63
15732,-62
15733,-61
15734,-59
15735,-57
15736,-55
15737,-52
15738,-50
15739,-47
15740,-45
15741,-42
15742,-39
15743,-37
15744,-35
15745,-33
15746,-31
15747,-28
15748,-26
15749,-23
15750,-21
15751,-18
15752,-16
15753,-14
15754,-12
15755,-10
15756,-8
15757,-7
15758,-5
15759,-4
15760,-3
15761,-2
15762,-1
15763,0
15764,2
15765,5
15766,8
15767,11
15768,14
15769,17
15770,20
15771,23
15772,26
15773,30
15774,33
15775,37
15776,43
15777,50
15778,56
15779,62
15780,69
15781,73
15782,77
15783,80
15784,83
15785,86
15786,88
15787,90
15788,91
15789,91
15790,92
15791,91
15792,90
15793,87
15794,85
15795,81
15796,78
15797,74
15798,70
15799,66
15800,62
15801,56
15802,49
15803,43
15804,39
15805,37
15806,36
15807,35
15808,34
15809,33
15810,31
15811,30
15812,29
15813,28
15814,28
15815,28
15816,28
15817,29
15818,30
15819,34
15820,38
15821,43
15822,50
15823,62
15824,93
15825,153
15826,239
15827,342
15828,444
15829,525
15830,548
15831,540
15832,474
15833,362
15834,222
15835,78
15836,-41
15837,-101
15838,-122
15839,-111
15840,-78
15841,-38
15842,-11
15843,12
15844,30
15845,42
15846,49
15847,55
15848,60
15849,67
15850,76
15851,84
15852,88
15853,90
15854,93
15855,96
15856,98
15857,99
15858,101
15859,102
15860,103
15861,105
15862,107
15863,108
15864,108
15865,108
15866,107
15867,106
15868,105
15869,105
15870,104
15871,103
15872,103
15873,102
15874,102
15875,102
15876,101
15877,100
15878,99
15879,98
15880,97
15881,97
15882,97
15883,96
15884,95
15885,94
15886,93
15887,93
15888,93
15889,92
15890,92
15891,91
15892,91
15893,91
15894,92
15895,92
15896,91
15897,90
15898,88
15899,89
15900,93
15901,100
15902,107
15903,112
15904,118
15905,124
15906,129
15907,131
15908,130
15909,126
15910,120
15911,113
15912,106
15913,96
15914,87
15915,80
15916,73
15917,63
15918,51
15919,39
15920,27
15921,15
15922,4
15923,-7
15924,-18
15925,-30
15926,-41
15927,-53
15928,-65
15929,-78
15930,-90
15931,-102
15932,-111
15933,-119
15934,-127
15935,-135
15936,-144
15937,-156
15938,-170
15939,-175
15940,-178
15941,-180
15942,-182
15943,-184
15944,-185
15945,-186
15946,-186
15947,-187
15948,-187
15949,-188
15950,-189
15951,-190
15952,-192
15953,-193
15954,-195
15955,-197
15956,-199
15957,-201
15958,-203
15959,-204
15960,-206
15961,-208
15962,-209
15963,-210
15964,-211
15965,-212
15966,-213
15967,-214
15968,-215
15969,-217
15970,-219
15971,-221
15972,-223
15973,-225
15974,-227
15975,-228
15976,-230
15977,-231
15978,-232
15979,-234
15980,-236
15981,-238
15982,-240
15983,-243
15984,-246
15985,-251
15986,-255
15987,-260
15988,-264
15989,-266
15990,-267
15991,-269
15992,-270
15993,-270
15994,-270
15995,-271
15996,-271
15997,-272
15998,-272
15999,-272
16000,-272
16001,-272
16002,-272
16003,-272
16004,-271
16005,-270
16006,-268
16007,-266
16008,-263
16009,-261
16010,-259
16011,-257
16012,-256
16013,-254
16014,-252
16015,-250
16016,-247
16017,-244
16018,-242
16019,-239
16020,-237
16021,-235
16022,-233
16023,-231
16024,-230
16025,-228
16026,-227
16027,-226
16028,-224
16029,-221
16030,-219
16031,-216
16032,-214
16033,-211
16034,-209
16035,-207
16036,-205
16037,-203
16038,-202
16039,-200
16040,-198
16041,-193
16042,-184
16043,-175
16044,-164
16045,-158
16046,-153
16047,-149
16048,-145
16049,-141
16050,-137
16051,-134
16052,-131
16053,-129
16054,-127
16055,-123
16056,-119
16057,-112
16058,-106
16059,-99
16060,-92
16061,-82
16062,-69
16063,-56
16064,-43
16065,-29
16066,-16
16067,-4
16068,5
16069,14
16070,23
16071,27
16072,31
16073,35
16074,37
16075,39
16076,39
16077,37
16078,33
16079,28
16080,23
16081,18
16082,14
16083,9
16084,4
16085,0
16086,-3
16087,-5
16088,-6
16089,-5
16090,-3
16091,-1
16092,0
16093,2
16094,3
16095,5
16096,6
16097,9
16098,11
16099,13
16100,16
16101,18
16102,20
16103,22
16104,24
16105,27
16106,30
16107,34
16108,51
16109,92
16110,153
16111,235
16112,337
16113,449
16114,555
16115,620
16116,642
16117,616
16118,536
16119,392
16120,235
16121,106
16122,57
16123,40
16124,55
16125,74
16126,89
16127,81
16128,72
16129,64
16130,65
16131,79
16132,99
16133,123
16134,139
16135,149
16136,157
16137,164
16138,168
16139,172
16140,175
16141,178
16142,181
16143,183
16144,185
16145,187
16146,189
16147,190
16148,191
16149,193
16150,194
16151,196
16152,198
16153,200
16154,202
16155,204
16156,207
16157,210
16158,214
16159,217
16160,220
16161,224
16162,229
16163,236
16164,243
16165,250
16166,257
16167,263
16168,272
16169,284
16170,296
16171,306
16172,314
16173,320
16174,324
16175,329
16176,334
16177,338
16178,342
16179,346
16180,352
16181,360
16182,369
16183,380
16184,385
16185,389
16186,392
16187,395
16188,397
16189,399
16190,401
16191,402
16192,403
16193,403
16194,403
16195,402
16196,401
16197,399
16198,396
16199,392
16200,389
16201,385
16202,381
16203,373
16204,357
16205,344
16206,327
16207,304
16208,281
16209,257
16210,229
16211,203
16212,186
16213,176
16214,165
16215,156
16216,150
16217,147
16218,144
16219,141
16220,139
16221,136
16222,134
16223,131
16224,128
16225,126
16226,123
16227,121
16228,119
16229,118
16230,115
16231,112
16232,109
16233,107
16234,105
16235,106
16236,109
16237,111
16238,114
16239,117
16240,118
16241,119
16242,121
16243,123
16244,124
16245,126
16246,128
16247,131
16248,133
16249,135
16250,136
16251,136
16252,135
16253,133
16254,132
16255,130
16256,128
16257,126
16258,125
16259,124
16260,123
16261,122
16262,122
16263,122
16264,122
16265,121
16266,121
16267,119
16268,118
16269,116
16270,116
16271,115
16272,116
16273,118
16274,120
16275,123
16276,126
16277,131
16278,134
16279,134
16280,129
16281,121
16282,113
16283,105
16284,98
16285,90
16286,85
16287,82
16288,80
16289,78
16290,76
16291,75
16292,74
16293,73
16294,71
16295,70
16296,68
16297,67
16298,67
16299,67
16300,67
16301,67
16302,68
16303,68
16304,69
16305,69
16306,70
16307,70
16308,70
16309,69
16310,68
16311,66
16312,65
16313,65
16314,65
16315,65
16316,66
16317,67
16318,68
16319,69
16320,71
16321,73
16322,74
16323,75
16324,75
16325,75
16326,77
16327,78
16328,80
16329,80
16330,78
16331,74
16332,68
16333,62
16334,58
16335,54
16336,50
16337,45
16338,42
16339,40
16340,40
16341,42
16342,46
16343,50
16344,54
16345,58
16346,62
16347,66
16348,71
16349,75
16350,79
16351,82
16352,84
16353,87
16354,90
16355,93
16356,95
16357,97
16358,99
16359,100
16360,103
16361,106
16362,109
16363,110
16364,110
16365,107
16366,102
16367,96
16368,89
16369,82
16370,72
16371,61
16372,51
16373,41
16374,32
16375,23
16376,15
16377,8
16378,0
16379,-5
16380,-10
16381,-15
16382,-18
16383,-22
16384,-25
16385,-27
16386,-29
16387,-31
16388,-32
16389,-33
16390,-35
16391,-37
16392,-41
16393,-44
16394,-43
16395,-34
16396,-20
16397,2
16398,33
16399,79
16400,135
16401,206
16402,296
16403,399
16404,494
16405,536
16406,530
16407,457
16408,317
16409,151
16410,5
16411,-91
16412,-118
16413,-127
16414,-132
16415,-132
16416,-127
16417,-121
16418,-112
16419,-102
16420,-98
16421,-94
16422,-91
16423,-93
16424,-107
16425,-129
16426,-159
16427,-174
16428,-182
16429,-188
16430,-193
16431,-195
16432,-197
16433,-196
16434,-194
16435,-189
16436,-184
16437,-179
16438,-175
16439,-170
16440,-164
16441,-159
16442,-154
16443,-150
16444,-145
16445,-142
16446,-138
16447,-136
16448,-133
16449,-131
16450,-128
16451,-126
16452,-124
16453,-123
16454,-121
16455,-119
16456,-117
16457,-115
16458,-113
16459,-111
16460,-108
16461,-104
16462,-99
16463,-93
16464,-86
16465,-79
16466,-71
16467,-59
16468,-42
16469,-29
16470,-17
16471,-4
16472,9
16473,17
16474,23
16475,27
16476,31
16477,35
16478,39
16479,43
16480,46
16481,48
16482,51
16483,54
16484,57
16485,60
16486,62
16487,62
16488,61
16489,59
16490,55
16491,51
16492,45
16493,38
16494,26
16495,14
16496,1
16497,-14
16498,-33
16499,-53
16500,-72
16501,-91
16502,-109
16503,-123
16504,-134
16505,-143
16506,-152
16507,-158
16508,-162
16509,-164
16510,-166
16511,-168
16512,-170
16513,-172
16514,-173
16515,-173
16516,-172
16517,-171
16518,-169
16519,-167
16520,-164
16521,-160
16522,-155
16523,-151
16524,-148
16525,-146
16526,-144
16527,-142
16528,-140
16529,-138
16530,-137
16531,-136
16532,-136
16533,-136
16534,-135
16535,-134
16536,-131
16537,-129
16538,-127
16539,-124
16540,-122
16541,-119
16542,-116
16543,-112
16544,-110
16545,-108
16546,-107
16547,-106
16548,-105
16549,-104
16550,-102
16551,-100
16552,-98
16553,-96
16554,-94
16555,-92
16556,-89
16557,-87
16558,-86
16559,-84
16560,-84
16561,-84
16562,-84
16563,-84
16564,-84
16565,-84
16566,-84
16567,-84
16568,-83
16569,-83
16570,-81
16571,-80
16572,-78
16573,-77
16574,-76
16575,-74
16576,-72
16577,-70
16578,-67
16579,-64
16580,-61
16581,-58
16582,-55
16583,-52
16584,-50
16585,-49
16586,-49
16587,-50
16588,-52
16589,-54
16590,-56
16591,-59
16592,-62
16593,-67
16594,-72
16595,-78
16596,-93
16597,-124
16598,-141
16599,-150
16600,-157
16601,-160
16602,-158
16603,-151
16604,-141
16605,-125
16606,-91
16607,-76
16608,-71
16609,-67
16610,-63
16611,-59
16612,-56
16613,-53
16614,-51
16615,-50
16616,-49
16617,-48
16618,-48
16619,-48
16620,-48
16621,-49
16622,-49
16623,-49
16624,-48
16625,-47
16626,-46
16627,-45
16628,-43
16629,-42
16630,-40
16631,-39
16632,-37
16633,-36
16634,-35
16635,-33
16636,-31
16637,-28
16638,-26
16639,-23
16640,-20
16641,-16
16642,-11
16643,-4
16644,1
16645,6
16646,9
16647,11
16648,12
16649,13
16650,15
16651,16
16652,17
16653,17
16654,17
16655,17
16656,18
16657,18
16658,18
16659,18
16660,18
16661,15
16662,10
16663,4
16664,-2
16665,-9
16666,-15
16667,-21
16668,-27
16669,-33
16670,-38
16671,-43
16672,-46
16673,-49
16674,-51
16675,-54
16676,-56
16677,-58
16678,-59
16679,-61
16680,-63
16681,-66
16682,-69
16683,-70
16684,-71
16685,-70
16686,-66
16687,-61
16688,-54
16689,-46
16690,-29
16691,1
16692,50
16693,111
16694,185
16695,263
16696,337
16697,382
16698,398
16699,374
16700,302
16701,171
16702,22
16703,-114
16704,-197
16705,-227
16706,-227
16707,-206
16708,-188
16709,-175
16710,-163
16711,-153
16712,-144
16713,-126
16714,-97
16715,-72
16716,-55
16717,-46
16718,-41
16719,-37
16720,-35
16721,-35
16722,-39
16723,-48
16724,-57
16725,-63
16726,-68
16727,-72
16728,-76
16729,-79
16730,-82
16731,-83
16732,-82
16733,-80
16734,-78
16735,-76
16736,-74
16737,-72
16738,-70
16739,-69
16740,-68
16741,-67
16742,-65
16743,-63
16744,-60
16745,-57
16746,-53
16747,-50
16748,-48
16749,-46
16750,-45
16751,-44
16752,-43
16753,-41
16754,-39
16755,-37
16756,-35
16757,-31
16758,-27
16759,-21
16760,-15
16761,-8
16762,-2
16763,3
16764,10
16765,19
16766,33
16767,57
16768,74
16769,82
16770,88
16771,94
16772,98
16773,101
16774,102
16775,100
16776,96
16777,89
16778,83
16779,77
16780,71
16781,63
16782,55
16783,48
16784,40
16785,33
16786,23
16787,10
16788,-1
16789,-12
16790,-24
16791,-36
16792,-49
16793,-63
16794,-80
16795,-100
16796,-120
16797,-130
16798,-136
16799,-141
16800,-145
16801,-148
16802,-151
16803,-154
16804,-156
16805,-159
16806,-161
16807,-162
16808,-163
16809,-164
16810,-164
16811,-165
16812,-166
16813,-167
16814,-167
16815,-167
16816,-167
16817,-168
16818,-169
16819,-171
16820,-172
16821,-172
16822,-171
16823,-170
16824,-168
16825,-165
16826,-162
16827,-158
16828,-154
16829,-151
16830,-147
16831,-145
16832,-144
16833,-143
16834,-141
16835,-140
16836,-139
16837,-137
16838,-136
16839,-134
16840,-132
16841,-131
16842,-130
16843,-129
16844,-128
16845,-127
16846,-126
16847,-125
16848,-124
16849,-123
16850,-122
16851,-121
16852,-120
16853,-119
16854,-118
16855,-117
16856,-117
16857,-117
16858,-117
16859,-117
16860,-117
16861,-117
16862,-117
16863,-116
16864,-115
16865,-114
16866,-113
16867,-112
16868,-111
16869,-111
16870,-111
16871,-111
16872,-111
16873,-111
16874,-111
16875,-111
16876,-112
16877,-111
16878,-110
16879,-109
16880,-107
16881,-106
16882,-104
16883,-103
16884,-102
16885,-100
16886,-98
16887,-96
16888,-95
16889,-94
16890,-93
16891,-93
16892,-92
16893,-91
16894,-90
16895,-89
16896,-88
16897,-85
16898,-82
16899,-79
16900,-76
16901,-73
16902,-71
16903,-68
16904,-65
16905,-62
16906,-59
16907,-54
16908,-48
16909,-33
16910,-3
16911,26
16912,56
16913,81
16914,101
16915,119
16916,132
16917,141
16918,150
16919,158
16920,165
16921,172
16922,183
16923,198
16924,213
16925,220
16926,225
16927,229
16928,232
16929,235
16930,237
16931,240
16932,242
16933,244
16934,247
16935,249
16936,251
16937,253
16938,255
16939,258
16940,262
16941,266
16942,268
16943,267
16944,264
16945,260
16946,254
16947,248
16948,241
16949,230
16950,218
16951,206
16952,194
16953,184
16954,174
16955,165
16956,158
16957,151
16958,146
16959,142
16960,139
16961,136
16962,133
16963,131
16964,128
16965,127
16966,126
16967,126
16968,127
16969,128
16970,131
16971,134
16972,139
16973,145
16974,152
16975,160
16976,180
16977,216
16978,268
16979,324
16980,390
16981,464
16982,533
16983,569
16984,568
16985,520
16986,414
16987,273
16988,125
16989,1
16990,-61
16991,-83
16992,-64
16993,-34
16994,2
16995,43
16996,79
16997,96
16998,105
16999,111
17000,115
17001,118
17002,121
17003,123
17004,125
17005,126
17006,127
17007,128
17008,129
17009,129
17010,130
17011,131
17012,132
17013,132
17014,133
17015,134
17016,134
17017,134
17018,133
17019,132
17020,131
17021,130
17022,129
17023,128
17024,128
17025,129
17026,130
17027,131
17028,133
17029,134
17030,136
17031,137
17032,139
17033,140
17034,141
17035,143
17036,144
17037,146
17038,147
17039,149
17040,151
17041,155
17042,160
17043,165
17044,170
17045,175
17046,180
17047,184
17048,187
17049,190
17050,193
17051,194
17052,195
17053,196
17054,197
17055,199
17056,201
17057,202
17058,204
17059,205
17060,205
17061,206
17062,206
17063,205
17064,203
17065,199
17066,195
17067,191
17068,186
17069,181
17070,176
17071,168
17072,158
17073,149
17074,140
17075,129
17076,107
17077,73
17078,51
17079,39
17080,27
17081,14
17082,3
17083,-6
17084,-14
17085,-21
17086,-28
17087,-34
17088,-40
17089,-45
17090,-49
17091,-51
17092,-52
17093,-54
17094,-56
17095,-58
17096,-59
17097,-60
17098,-61
17099,-62
17100,-64
17101,-66
17102,-67
17103,-68
17104,-67
17105,-66
17106,-66
17107,-66
17108,-66
17109,-66
17110,-66
17111,-65
17112,-65
17113,-63
17114,-63
17115,-62
17116,-60
17117,-58
17118,-55
17119,-51
17120,-47
17121,-44
17122,-40
17123,-37
17124,-33
17125,-23
17126,-12
17127,-7
17128,-8
17129,-9
17130,-9
17131,-9
17132,-9
17133,-8
17134,-7
17135,-8
17136,-11
17137,-13
17138,-13
17139,-13
17140,-13
17141,-14
17142,-15
17143,-17
17144,-19
17145,-20
17146,-21
17147,-22
17148,-22
17149,-22
17150,-22
17151,-21
17152,-20
17153,-18
17154,-18
17155,-18
17156,-18
17157,-18
17158,-19
17159,-20
17160,-22
17161,-23
17162,-24
17163,-25
17164,-25
17165,-25
17166,-24
17167,-23
17168,-21
17169,-19
17170,-17
17171,-15
17172,-14
17173,-14
17174,-14
17175,-14
17176,-13
17177,-13
17178,-13
17179,-13
17180,-12
17181,-11
17182,-9
17183,-8
17184,-7
17185,-6
17186,-6
17187,-6
17188,-6
17189,-7
17190,-8
17191,-8
17192,-9
17193,-9
17194,-9
17195,-9
17196,-8
17197,-7
17198,-6
17199,-5
17200,-3
17201,-2
17202,-1
17203,0
17204,1
17205,2
17206,5
17207,7
17208,10
17209,13
17210,16
17211,20
17212,25
17213,31
17214,37
17215,43
17216,47
17217,50
17218,52
17219,54
17220,55
17221,56
17222,56
17223,56
17224,57
17225,58
17226,60
17227,62
17228,63
17229,60
17230,54
17231,46
17232,39
17233,34
17234,30
17235,25
17236,20
17237,15
17238,10
17239,5
17240,1
17241,-2
17242,-6
17243,-10
17244,-14
17245,-17
17246,-21
17247,-24
17248,-28
17249,-33
17250,-38
17251,-42
17252,-45
17253,-46
17254,-45
17255,-42
17256,-38
17257,-32
17258,-24
17259,-8
17260,24
17261,79
17262,157
17263,259
17264,370
17265,468
17266,519
17267,520
17268,466
17269,333
17270,160
17271,-9
17272,-134
17273,-172
17274,-184
17275,-163
17276,-144
17277,-133
17278,-124
17279,-115
17280,-106
17281,-97
17282,-87
17283,-70
17284,-46
17285,-28
17286,-22
17287,-19
17288,-18
17289,-17
17290,-17
17291,-16
17292,-14
17293,-12
17294,-10
17295,-9
17296,-7
17297,-6
17298,-4
17299,-4
17300,-4
17301,-5
17302,-6
17303,-6
17304,-6
17305,-6
17306,-5
17307,-4
17308,-2
17309,0
17310,1
17311,4
17312,7
17313,10
17314,12
17315,13
17316,15
17317,16
17318,17
17319,19
17320,19
17321,20
17322,21
17323,23
17324,26
17325,29
17326,32
17327,36
17328,40
17329,44
17330,49
17331,59
17332,69
17333,79
17334,88
17335,93
17336,97
17337,101
17338,105
17339,109
17340,112
17341,115
17342,116
17343,118
17344,118
17345,118
17346,118
17347,117
17348,115
17349,113
17350,111
17351,108
17352,105
17353,102
17354,99
17355,93
17356,78
17357,62
17358,40
17359,14
17360,-4
17361,-20
17362,-36
17363,-57
17364,-86
17365,-107
17366,-119
17367,-128
17368,-135
17369,-139
17370,-141
17371,-143
17372,-144
17373,-146
17374,-148
17375,-150
17376,-151
17377,-153
17378,-153
17379,-154
17380,-155
17381,-157
17382,-157
17383,-156
17384,-154
17385,-152
17386,-151
17387,-151
17388,-150
17389,-149
17390,-147
17391,-144
17392,-142
17393,-141
17394,-140
17395,-138
17396,-136
17397,-132
17398,-127
17399,-123
17400,-120
17401,-117
17402,-115
17403,-111
17404,-108
17405,-105
17406,-102
17407,-101
17408,-99
17409,-98
17410,-96
17411,-94
17412,-93
17413,-92
17414,-93
17415,-93
17416,-93
17417,-93
17418,-93
17419,-94
17420,-95
17421,-95
17422,-95
17423,-94
17424,-93
17425,-91
17426,-90
17427,-90
17428,-89
17429,-88
17430,-87
17431,-86
17432,-86
17433,-86
17434,-86
17435,-85
17436,-83
17437,-81
17438,-80
17439,-79
17440,-77
17441,-76
17442,-74
17443,-72
17444,-71
17445,-71
17446,-72
17447,-73
17448,-73
17449,-73
17450,-73
17451,-74
17452,-75
17453,-76
17454,-76
17455,-76
17456,-75
17457,-75
17458,-75
17459,-76
17460,-77
17461,-77
17462,-76
17463,-75
17464,-74
17465,-74
17466,-73
17467,-72
17468,-71
17469,-70
17470,-68
17471,-67
17472,-66
17473,-65
17474,-64
17475,-63
17476,-63
17477,-62
17478,-62
17479,-62
17480,-63
17481,-63
17482,-63
17483,-62
17484,-62
17485,-60
17486,-59
17487,-57
17488,-55
17489,-52
17490,-49
17491,-45
17492,-42
17493,-38
17494,-35
17495,-32
17496,-28
17497,-23
17498,-19
17499,-14
17500,-10
17501,-5
17502,-1
17503,1
17504,4
17505,7
17506,10
17507,14
17508,21
17509,33
17510,43
17511,49
17512,53
17513,57
17514,60
17515,61
17516,59
17517,54
17518,47
17519,40
17520,32
17521,24
17522,14
17523,6
17524,-1
17525,-8
17526,-11
17527,-14
17528,-18
17529,-21
17530,-24
17531,-27
17532,-29
17533,-31
17534,-32
17535,-34
17536,-36
17537,-37
17538,-37
17539,-36
17540,-36
17541,-35
17542,-34
17543,-33
17544,-31
17545,-29
17546,-26
17547,-22
17548,-18
17549,-14
17550,-3
17551,24
17552,71
17553,137
17554,225
17555,331
17556,441
17557,530
17558,560
17559,551
17560,473
17561,342
17562,190
17563,52
17564,-46
17565,-86
17566,-100
17567,-88
17568,-69
17569,-46
17570,-27
17571,-13
17572,-1
17573,2
17574,5
17575,7
17576,8
17577,10
17578,11
17579,12
17580,12
17581,13
17582,14
17583,16
17584,18
17585,19
17586,21
17587,23
17588,26
17589,29
17590,32
17591,36
17592,38
17593,41
17594,44
17595,47
17596,50
17597,53
17598,56
17599,59
17600,61
17601,63
17602,64
17603,66
17604,68
17605,69
17606,71
17607,72
17608,74
17609,75
17610,76
17611,78
17612,79
17613,81
17614,84
17615,86
17616,88
17617,92
17618,97
17619,103
17620,116
17621,142
17622,157
17623,165
17624,171
17625,177
17626,182
17627,186
17628,190
17629,193
17630,196
17631,198
17632,200
17633,202
17634,203
17635,204
17636,204
17637,204
17638,203
17639,201
17640,199
17641,196
17642,192
17643,188
17644,182
17645,168
17646,157
17647,146
17648,134
17649,123
17650,111
17651,99
17652,87
17653,74
17654,62
17655,49
17656,36
17657,23
17658,13
17659,1
17660,-17
17661,-28
17662,-32
17663,-35
17664,-38
17665,-40
17666,-42
17667,-44
17668,-46
17669,-47
17670,-48
17671,-50
17672,-52
17673,-54
17674,-55
17675,-57
17676,-59
17677,-61
17678,-63
17679,-65
17680,-67
17681,-68
17682,-68
17683,-68
17684,-68
17685,-67
17686,-65
17687,-64
17688,-62
17689,-60
17690,-59
17691,-56
17692,-54
17693,-52
17694,-51
17695,-52
17696,-54
17697,-58
17698,-61
17699,-65
17700,-72
17701,-76
17702,-72
17703,-64
17704,-58
17705,-52
17706,-47
17707,-44
17708,-43
17709,-42
17710,-40
17711,-37
17712,-35
17713,-38
17714,-43
17715,-45
17716,-47
17717,-48
17718,-49
17719,-51
17720,-52
17721,-53
17722,-55
17723,-57
17724,-60
17725,-62
17726,-63
17727,-64
17728,-66
17729,-67
17730,-68
17731,-69
17732,-70
17733,-70
17734,-71
17735,-72
17736,-74
17737,-76
17738,-78
17739,-79
17740,-79
17741,-79
17742,-78
17743,-77
17744,-76
17745,-74
17746,-72
17747,-70
17748,-69
17749,-67
17750,-66
17751,-66
17752,-65
17753,-65
17754,-65
17755,-64
17756,-64
17757,-65
17758,-65
17759,-65
17760,-65
17761,-65
17762,-65
17763,-66
17764,-67
17765,-68
17766,-69
17767,-71
17768,-70
17769,-60
17770,-56
17771,-55
17772,-53
17773,-51
17774,-50
17775,-48
17776,-46
17777,-45
17778,-44
17779,-43
17780,-42
17781,-41
17782,-40
17783,-40
17784,-40
17785,-39
17786,-39
17787,-39
17788,-39
17789,-39
17790,-38
17791,-36
17792,-34
17793,-30
17794,-22
17795,-15
17796,-7
17797,0
17798,5
17799,11
17800,17
17801,24
17802,28
17803,31
17804,34
17805,36
17806,38
17807,39
17808,40
17809,40
17810,39
17811,38
17812,36
17813,33
17814,30
17815,26
17816,23
17817,18
17818,12
17819,6
17820,0
17821,-8
17822,-19
17823,-34
17824,-46
17825,-51
17826,-54
17827,-57
17828,-59
17829,-61
17830,-63
17831,-66
17832,-67
17833,-67
17834,-67
17835,-67
17836,-67
17837,-67
17838,-66
17839,-65
17840,-63
17841,-59
17842,-56
17843,-52
17844,-36
17845,2
17846,61
17847,143
17848,249
17849,371
17850,486
17851,555
17852,558
17853,503
17854,373
17855,219
17856,80
17857,-21
17858,-80
17859,-96
17860,-99
17861,-102
17862,-99
17863,-88
17864,-76
17865,-63
17866,-49
17867,-35
17868,-21
17869,-9
17870,-4
17871,-2
17872,0
17873,2
17874,3
17875,4
17876,5
17877,6
17878,6
17879,6
17880,6
17881,6
17882,6
17883,6
17884,6
17885,7
17886,6
17887,6
17888,6
17889,7
17890,7
17891,8
17892,9
17893,10
17894,11
17895,13
17896,16
17897,22
17898,29
17899,40
17900,50
17901,61
17902,68
17903,73
17904,77
17905,81
17906,83
17907,83
17908,81
17909,77
17910,72
17911,65
17912,75
17913,91
17914,108
17915,123
17916,139
17917,156
17918,170
17919,175
17920,178
17921,181
17922,184
17923,185
17924,187
17925,187
17926,188
17927,188
17928,188
17929,187
17930,186
17931,185
17932,183
17933,180
17934,178
17935,176
17936,172
17937,164
17938,154
17939,141
17940,123
17941,108
17942,96
17943,81
17944,66
17945,51
17946,38
17947,26
17948,17
17949,8
17950,0
17951,-4
17952,-8
17953,-11
17954,-14
17955,-18
17956,-21
17957,-25
17958,-28
17959,-33
17960,-38
17961,-47
17962,-53
17963,-59
17964,-63
17965,-66
17966,-68
17967,-70
17968,-71
17969,-69
17970,-65
17971,-60
17972,-56
17973,-53
17974,-51
17975,-49
17976,-47
17977,-45
17978,-44
17979,-42
17980,-40
17981,-38
17982,-37
17983,-36
17984,-35
17985,-34
17986,-33
17987,-32
17988,-32
17989,-31
17990,-30
17991,-29
17992,-28
17993,-26
17994,-25
17995,-23
17996,-22
17997,-21
17998,-20
17999,-19
