'sample #','ECG '
0,416
1,516
2,620
3,722
4,807
5,857
6,869
7,878
8,883
9,886
10,888
11,891
12,893
13,895
14,898
15,900
16,902
17,904
18,908
19,913
20,919
21,929
22,939
23,945
24,951
25,956
26,960
27,964
28,966
29,968
30,970
31,971
32,971
33,970
34,968
35,965
36,961
37,958
38,953
39,948
40,939
41,920
42,899
43,877
44,856
45,839
46,816
47,788
48,759
49,728
50,696
51,668
52,642
53,615
54,588
55,557
56,528
57,510
58,506
59,503
60,501
61,500
62,506
63,518
64,532
65,550
66,567
67,584
68,602
69,620
70,645
71,674
72,719
73,772
74,828
75,883
76,936
77,992
78,1048
79,1101
80,1138
81,1170
82,1189
83,1203
84,1212
85,1221
86,1230
87,1237
88,1242
89,1246
90,1251
91,1256
92,1259
93,1251
94,1232
95,1202
96,1164
97,1109
98,1049
99,988
100,926
101,862
102,804
103,753
104,723
105,708
106,701
107,697
108,693
109,689
110,684
111,680
112,677
113,672
114,662
115,625
116,575
117,530
118,489
119,447
120,402
121,356
122,306
123,255
124,225
125,195
126,170
127,133
128,84
129,34
130,5
131,-24
132,-52
133,-78
134,-105
135,-151
136,-207
137,-263
138,-322
139,-413
140,-547
141,-710
142,-886
143,-1067
144,-1247
145,-1411
146,-1548
147,-1657
148,-1741
149,-1776
150,-1788
151,-1771
152,-1720
153,-1665
154,-1606
155,-1546
156,-1521
157,-1506
158,-1496
159,-1514
160,-1540
161,-1575
162,-1617
163,-1657
164,-1696
165,-1737
166,-1761
167,-1774
168,-1783
169,-1791
170,-1799
171,-1805
172,-1812
173,-1823
174,-1841
175,-1858
176,-1873
177,-1885
178,-1897
179,-1910
180,-1924
181,-1939
182,-1952
183,-1963
184,-1976
185,-1991
186,-2007
187,-2023
188,-2040
189,-2059
190,-2081
191,-2100
192,-2108
193,-2114
194,-2120
195,-2119
196,-2102
197,-2057
198,-2000
199,-1928
200,-1844
201,-1750
202,-1658
203,-1576
204,-1502
205,-1435
206,-1377
207,-1324
208,-1294
209,-1266
210,-1239
211,-1213
212,-1188
213,-1148
214,-1106
215,-1058
216,-1024
217,-984
218,-950
219,-901
220,-850
221,-797
222,-749
223,-698
224,-628
225,-533
226,-420
227,-299
228,-177
229,-68
230,13
231,37
232,44
233,50
234,36
235,-6
236,-67
237,-131
238,-185
239,-205
240,-215
241,-222
242,-200
243,-177
244,-159
245,-145
246,-134
247,-116
248,-89
249,-69
250,-57
251,-44
252,-30
253,-14
254,3
255,26
256,58
257,88
258,109
259,133
260,159
261,190
262,228
263,264
264,300
265,332
266,356
267,373
268,391
269,409
270,427
271,442
272,457
273,472
274,485
275,503
276,530
277,560
278,590
279,621
280,651
281,675
282,693
283,709
284,724
285,740
286,756
287,778
288,806
289,835
290,865
291,897
292,928
293,957
294,987
295,1011
296,1029
297,1046
298,1062
299,1078
300,1097
301,1116
302,1134
303,1154
304,1166
305,1174
306,1180
307,1185
308,1191
309,1196
310,1202
311,1207
312,1212
313,1216
314,1221
315,1225
316,1229
317,1232
318,1233
319,1233
320,1231
321,1227
322,1221
323,1214
324,1205
325,1191
326,1166
327,1152
328,1135
329,1110
330,1081
331,1052
332,1022
333,989
334,928
335,843
336,734
337,607
338,474
339,358
340,261
341,175
342,96
343,35
344,17
345,5
346,-5
347,-15
348,-54
349,-132
350,-226
351,-318
352,-393
353,-454
354,-508
355,-558
356,-598
357,-612
358,-600
359,-561
360,-504
361,-479
362,-468
363,-462
364,-455
365,-444
366,-429
367,-403
368,-366
369,-339
370,-318
371,-302
372,-282
373,-252
374,-231
375,-219
376,-210
377,-202
378,-196
379,-190
380,-181
381,-167
382,-149
383,-130
384,-111
385,-93
386,-81
387,-72
388,-63
389,-53
390,-43
391,-24
392,5
393,27
394,41
395,53
396,65
397,77
398,89
399,98
400,103
401,106
402,109
403,111
404,113
405,114
406,114
407,113
408,112
409,110
410,108
411,106
412,104
413,103
414,102
415,101
416,100
417,101
418,103
419,107
420,113
421,119
422,127
423,137
424,148
425,157
426,167
427,175
428,182
429,189
430,193
431,193
432,186
433,177
434,167
435,160
436,153
437,147
438,141
439,135
440,130
441,125
442,120
443,115
444,110
445,103
446,93
447,82
448,70
449,53
450,37
451,35
452,34
453,33
454,33
455,32
456,31
457,31
458,33
459,36
460,41
461,46
462,51
463,55
464,60
465,65
466,69
467,71
468,71
469,70
470,67
471,63
472,59
473,54
474,50
475,46
476,42
477,39
478,36
479,32
480,27
481,22
482,18
483,13
484,9
485,4
486,-3
487,-16
488,-29
489,-41
490,-47
491,-53
492,-58
493,-63
494,-67
495,-69
496,-70
497,-70
498,-70
499,-69
500,-68
501,-65
502,-60
503,-55
504,-48
505,-21
506,27
507,94
508,180
509,273
510,354
511,396
512,396
513,352
514,256
515,132
516,5
517,-95
518,-159
519,-181
520,-189
521,-192
522,-194
523,-196
524,-198
525,-199
526,-200
527,-200
528,-200
529,-197
530,-193
531,-187
532,-180
533,-166
534,-139
535,-116
536,-99
537,-88
538,-83
539,-81
540,-78
541,-76
542,-75
543,-73
544,-72
545,-69
546,-67
547,-64
548,-62
549,-60
550,-57
551,-55
552,-54
553,-51
554,-47
555,-43
556,-39
557,-36
558,-32
559,-29
560,-24
561,-21
562,-17
563,-14
564,-9
565,-4
566,0
567,4
568,8
569,12
570,15
571,17
572,20
573,24
574,27
575,31
576,37
577,52
578,67
579,87
580,115
581,130
582,138
583,145
584,149
585,151
586,151
587,151
588,150
589,148
590,146
591,142
592,136
593,137
594,155
595,175
596,195
597,203
598,208
599,212
600,215
601,208
602,190
603,163
604,131
605,113
606,97
607,78
608,62
609,50
610,40
611,31
612,24
613,14
614,1
615,-12
616,-19
617,-24
618,-28
619,-32
620,-34
621,-35
622,-34
623,-31
624,-26
625,-21
626,-14
627,-8
628,-2
629,3
630,10
631,16
632,22
633,26
634,27
635,28
636,29
637,29
638,30
639,33
640,37
641,40
642,35
643,26
644,21
645,16
646,11
647,8
648,5
649,4
650,5
651,7
652,8
653,10
654,10
655,11
656,12
657,13
658,14
659,15
660,17
661,18
662,20
663,21
664,23
665,25
666,26
667,27
668,28
669,29
670,31
671,33
672,34
673,36
674,38
675,40
676,44
677,47
678,50
679,52
680,53
681,54
682,54
683,52
684,49
685,45
686,40
687,34
688,28
689,24
690,19
691,15
692,11
693,7
694,4
695,3
696,3
697,4
698,6
699,8
700,11
701,14
702,17
703,20
704,22
705,25
706,29
707,31
708,32
709,30
710,26
711,20
712,16
713,15
714,14
715,13
716,11
717,9
718,7
719,6
720,5
721,3
722,2
723,1
724,0
725,-1
726,-1
727,-1
728,0
729,0
730,0
731,0
732,0
733,2
734,3
735,5
736,6
737,7
738,7
739,8
740,8
741,9
742,10
743,10
744,10
745,11
746,13
747,16
748,19
749,21
750,22
751,22
752,20
753,17
754,12
755,7
756,1
757,-3
758,-7
759,-11
760,-15
761,-18
762,-21
763,-24
764,-27
765,-30
766,-33
767,-36
768,-39
769,-41
770,-44
771,-47
772,-49
773,-51
774,-55
775,-59
776,-63
777,-66
778,-69
779,-69
780,-69
781,-67
782,-65
783,-61
784,-55
785,-48
786,-33
787,-5
788,40
789,99
790,178
791,274
792,379
793,476
794,538
795,545
796,515
797,403
798,242
799,69
800,-75
801,-149
802,-171
803,-184
804,-190
805,-190
806,-186
807,-179
808,-169
809,-152
810,-117
811,-81
812,-59
813,-51
814,-47
815,-45
816,-44
817,-43
818,-43
819,-43
820,-43
821,-42
822,-42
823,-41
824,-41
825,-40
826,-39
827,-37
828,-35
829,-32
830,-30
831,-27
832,-25
833,-23
834,-20
835,-16
836,-13
837,-10
838,-8
839,-6
840,-3
841,0
842,3
843,7
844,11
845,13
846,15
847,17
848,19
849,20
850,21
851,22
852,23
853,24
854,27
855,33
856,48
857,65
858,88
859,112
860,122
861,127
862,132
863,135
864,137
865,139
866,140
867,142
868,145
869,148
870,150
871,153
872,155
873,158
874,161
875,165
876,169
877,171
878,172
879,173
880,173
881,172
882,170
883,168
884,164
885,158
886,151
887,144
888,129
889,96
890,60
891,27
892,-3
893,-33
894,-62
895,-84
896,-96
897,-106
898,-109
899,-108
900,-106
901,-103
902,-101
903,-101
904,-106
905,-114
906,-120
907,-127
908,-132
909,-134
910,-133
911,-130
912,-127
913,-122
914,-113
915,-114
916,-132
917,-152
918,-171
919,-181
920,-188
921,-193
922,-195
923,-188
924,-173
925,-158
926,-137
927,-113
928,-94
929,-77
930,-69
931,-74
932,-87
933,-100
934,-118
935,-140
936,-156
937,-169
938,-178
939,-178
940,-167
941,-150
942,-122
943,-89
944,-75
945,-65
946,-59
947,-60
948,-68
949,-82
950,-99
951,-121
952,-131
953,-136
954,-141
955,-144
956,-146
957,-146
958,-142
959,-136
960,-129
961,-121
962,-109
963,-101
964,-95
965,-90
966,-85
967,-81
968,-79
969,-78
970,-80
971,-83
972,-88
973,-93
974,-98
975,-105
976,-113
977,-116
978,-114
979,-108
980,-101
981,-96
982,-89
983,-83
984,-78
985,-75
986,-74
987,-75
988,-77
989,-78
990,-80
991,-83
992,-86
993,-87
994,-83
995,-78
996,-75
997,-71
998,-68
999,-65
1000,-63
1001,-61
1002,-59
1003,-56
1004,-53
1005,-51
1006,-50
1007,-50
1008,-50
1009,-50
1010,-49
1011,-48
1012,-46
1013,-46
1014,-45
1015,-43
1016,-40
1017,-38
1018,-37
1019,-37
1020,-37
1021,-37
1022,-36
1023,-34
1024,-33
1025,-32
1026,-32
1027,-32
1028,-32
1029,-32
1030,-32
1031,-32
1032,-32
1033,-32
1034,-31
1035,-30
1036,-29
1037,-28
1038,-29
1039,-32
1040,-35
1041,-39
1042,-45
1043,-43
1044,-24
1045,-12
1046,-3
1047,4
1048,9
1049,11
1050,9
1051,5
1052,0
1053,-6
1054,-10
1055,-17
1056,-23
1057,-28
1058,-30
1059,-29
1060,-23
1061,-15
1062,-5
1063,3
1064,16
1065,28
1066,33
1067,32
1068,26
1069,18
1070,8
1071,-5
1072,-4
1073,22
1074,96
1075,217
1076,364
1077,514
1078,641
1079,705
1080,706
1081,646
1082,502
1083,322
1084,155
1085,30
1086,-12
1087,-23
1088,-31
1089,-35
1090,-38
1091,-39
1092,-39
1093,-35
1094,-29
1095,-22
1096,-15
1097,-8
1098,1
1099,13
1100,23
1101,31
1102,38
1103,44
1104,50
1105,58
1106,65
1107,69
1108,71
1109,73
1110,74
1111,77
1112,78
1113,71
1114,59
1115,51
1116,42
1117,34
1118,30
1119,33
1120,39
1121,49
1122,67
1123,93
1124,107
1125,117
1126,122
1127,115
1128,101
1129,86
1130,68
1131,62
1132,60
1133,58
1134,56
1135,54
1136,55
1137,63
1138,77
1139,94
1140,116
1141,127
1142,132
1143,135
1144,138
1145,141
1146,143
1147,146
1148,149
1149,152
1150,155
1151,158
1152,162
1153,166
1154,170
1155,180
1156,199
1157,215
1158,227
1159,237
1160,242
1161,236
1162,225
1163,217
1164,210
1165,203
1166,194
1167,184
1168,175
1169,167
1170,159
1171,152
1172,144
1173,135
1174,127
1175,119
1176,110
1177,98
1178,80
1179,60
1180,40
1181,16
1182,-9
1183,-21
1184,-29
1185,-35
1186,-40
1187,-44
1188,-50
1189,-55
1190,-61
1191,-70
1192,-84
1193,-107
1194,-117
1195,-123
1196,-129
1197,-133
1198,-134
1199,-127
1200,-118
1201,-111
1202,-103
1203,-95
1204,-89
1205,-87
1206,-87
1207,-87
1208,-87
1209,-87
1210,-88
1211,-89
1212,-91
1213,-93
1214,-95
1215,-96
1216,-96
1217,-96
1218,-95
1219,-93
1220,-89
1221,-84
1222,-79
1223,-75
1224,-73
1225,-71
1226,-67
1227,-63
1228,-58
1229,-55
1230,-54
1231,-56
1232,-59
1233,-62
1234,-64
1235,-66
1236,-70
1237,-75
1238,-79
1239,-80
1240,-76
1241,-70
1242,-65
1243,-62
1244,-58
1245,-53
1246,-49
1247,-46
1248,-47
1249,-51
1250,-56
1251,-61
1252,-63
1253,-64
1254,-65
1255,-68
1256,-70
1257,-73
1258,-75
1259,-76
1260,-76
1261,-77
1262,-77
1263,-78
1264,-78
1265,-78
1266,-76
1267,-75
1268,-74
1269,-73
1270,-72
1271,-72
1272,-71
1273,-71
1274,-71
1275,-72
1276,-73
1277,-73
1278,-73
1279,-73
1280,-72
1281,-73
1282,-73
1283,-72
1284,-71
1285,-69
1286,-67
1287,-66
1288,-66
1289,-65
1290,-64
1291,-62
1292,-60
1293,-59
1294,-58
1295,-57
1296,-56
1297,-53
1298,-48
1299,-44
1300,-40
1301,-37
1302,-35
1303,-32
1304,-29
1305,-27
1306,-24
1307,-22
1308,-20
1309,-19
1310,-17
1311,-15
1312,-13
1313,-13
1314,-13
1315,-13
1316,-12
1317,-11
1318,-9
1319,-7
1320,-6
1321,-5
1322,-5
1323,-5
1324,-4
1325,-5
1326,-6
1327,-8
1328,-10
1329,-12
1330,-13
1331,-14
1332,-14
1333,-14
1334,-14
1335,-13
1336,-11
1337,-10
1338,-9
1339,-9
1340,-11
1341,-12
1342,-15
1343,-17
1344,-18
1345,-19
1346,-19
1347,-19
1348,-19
1349,-16
1350,-13
1351,-10
1352,-6
1353,-1
1354,3
1355,8
1356,37
1357,95
1358,175
1359,274
1360,382
1361,490
1362,575
1363,604
1364,587
1365,536
1366,414
1367,259
1368,100
1369,-33
1370,-101
1371,-124
1372,-131
1373,-124
1374,-109
1375,-96
1376,-83
1377,-65
1378,-43
1379,-31
1380,-23
1381,-16
1382,-10
1383,-3
1384,2
1385,7
1386,11
1387,15
1388,18
1389,22
1390,25
1391,27
1392,28
1393,28
1394,28
1395,27
1396,28
1397,30
1398,32
1399,34
1400,36
1401,39
1402,41
1403,44
1404,48
1405,51
1406,54
1407,56
1408,58
1409,59
1410,61
1411,63
1412,65
1413,68
1414,70
1415,73
1416,77
1417,82
1418,87
1419,93
1420,98
1421,102
1422,106
1423,109
1424,112
1425,115
1426,119
1427,125
1428,137
1429,161
1430,175
1431,185
1432,192
1433,197
1434,203
1435,210
1436,220
1437,229
1438,238
1439,245
1440,251
1441,257
1442,262
1443,267
1444,270
1445,273
1446,275
1447,275
1448,273
1449,271
1450,267
1451,261
1452,254
1453,246
1454,233
1455,208
1456,186
1457,168
1458,153
1459,135
1460,114
1461,93
1462,73
1463,56
1464,41
1465,32
1466,26
1467,21
1468,17
1469,12
1470,8
1471,3
1472,-2
1473,-7
1474,-11
1475,-14
1476,-17
1477,-21
1478,-26
1479,-34
1480,-42
1481,-48
1482,-50
1483,-49
1484,-49
1485,-50
1486,-51
1487,-52
1488,-53
1489,-53
1490,-52
1491,-52
1492,-52
1493,-52
1494,-52
1495,-51
1496,-50
1497,-50
1498,-50
1499,-51
1500,-51
1501,-51
1502,-50
1503,-50
1504,-50
1505,-52
1506,-53
1507,-54
1508,-53
1509,-53
1510,-52
1511,-52
1512,-52
1513,-53
1514,-52
1515,-52
1516,-52
1517,-53
1518,-54
1519,-56
1520,-59
1521,-61
1522,-63
1523,-65
1524,-68
1525,-70
1526,-71
1527,-72
1528,-72
1529,-72
1530,-72
1531,-73
1532,-74
1533,-75
1534,-75
1535,-75
1536,-75
1537,-76
1538,-77
1539,-78
1540,-78
1541,-76
1542,-74
1543,-72
1544,-70
1545,-69
1546,-68
1547,-68
1548,-68
1549,-69
1550,-69
1551,-71
1552,-72
1553,-73
1554,-73
1555,-74
1556,-75
1557,-75
1558,-75
1559,-74
1560,-74
1561,-75
1562,-75
1563,-76
1564,-81
1565,-86
1566,-87
1567,-80
1568,-74
1569,-72
1570,-70
1571,-68
1572,-66
1573,-64
1574,-62
1575,-60
1576,-58
1577,-57
1578,-57
1579,-57
1580,-57
1581,-58
1582,-59
1583,-59
1584,-58
1585,-58
1586,-58
1587,-57
1588,-56
1589,-54
1590,-52
1591,-49
1592,-46
1593,-44
1594,-43
1595,-42
1596,-41
1597,-41
1598,-41
1599,-41
1600,-41
1601,-40
1602,-38
1603,-37
1604,-36
1605,-34
1606,-34
1607,-34
1608,-34
1609,-34
1610,-35
1611,-36
1612,-38
1613,-39
1614,-39
1615,-39
1616,-39
1617,-38
1618,-37
1619,-36
1620,-34
1621,-32
1622,-31
1623,-29
1624,-28
1625,-27
1626,-26
1627,-25
1628,-25
1629,-24
1630,-22
1631,-20
1632,-18
1633,-14
1634,-10
1635,-6
1636,2
1637,21
1638,41
1639,67
1640,104
1641,174
1642,265
1643,366
1644,461
1645,535
1646,562
1647,563
1648,537
1649,465
1650,353
1651,228
1652,109
1653,5
1654,-53
1655,-73
1656,-50
1657,-10
1658,17
1659,22
1660,24
1661,26
1662,27
1663,29
1664,31
1665,33
1666,35
1667,38
1668,39
1669,40
1670,41
1671,41
1672,41
1673,41
1674,42
1675,43
1676,44
1677,45
1678,45
1679,45
1680,44
1681,43
1682,41
1683,41
1684,41
1685,41
1686,41
1687,41
1688,40
1689,40
1690,40
1691,42
1692,43
1693,46
1694,49
1695,52
1696,56
1697,60
1698,64
1699,68
1700,71
1701,74
1702,78
1703,82
1704,88
1705,95
1706,103
1707,111
1708,118
1709,124
1710,128
1711,132
1712,135
1713,139
1714,143
1715,153
1716,183
1717,201
1718,206
1719,210
1720,214
1721,217
1722,220
1723,225
1724,231
1725,236
1726,240
1727,245
1728,250
1729,256
1730,263
1731,279
1732,306
1733,309
1734,313
1735,315
1736,301
1737,259
1738,205
1739,179
1740,140
1741,96
1742,36
1743,-4
1744,-19
1745,-18
1746,-3
1747,7
1748,16
1749,23
1750,27
1751,27
1752,22
1753,12
1754,0
1755,-23
1756,-64
1757,-96
1758,-118
1759,-128
1760,-137
1761,-146
1762,-145
1763,-128
1764,-117
1765,-107
1766,-99
1767,-94
1768,-93
1769,-97
1770,-101
1771,-107
1772,-112
1773,-119
1774,-123
1775,-117
1776,-107
1777,-102
1778,-98
1779,-94
1780,-91
1781,-89
1782,-87
1783,-86
1784,-85
1785,-85
1786,-85
1787,-86
1788,-87
1789,-88
1790,-90
1791,-91
1792,-92
1793,-93
1794,-95
1795,-100
1796,-104
1797,-107
1798,-105
1799,-100
1800,-95
1801,-93
1802,-92
1803,-91
1804,-90
1805,-88
1806,-86
1807,-84
1808,-82
1809,-81
1810,-80
1811,-79
1812,-78
1813,-77
1814,-76
1815,-76
1816,-76
1817,-76
1818,-76
1819,-76
1820,-76
1821,-76
1822,-76
1823,-76
1824,-76
1825,-75
1826,-73
1827,-73
1828,-78
1829,-84
1830,-86
1831,-87
1832,-88
1833,-89
1834,-90
1835,-92
1836,-94
1837,-95
1838,-96
1839,-98
1840,-99
1841,-100
1842,-99
1843,-99
1844,-98
1845,-97
1846,-97
1847,-98
1848,-98
1849,-98
1850,-99
1851,-99
1852,-100
1853,-102
1854,-103
1855,-104
1856,-105
1857,-106
1858,-106
1859,-106
1860,-106
1861,-106
1862,-104
1863,-102
1864,-100
1865,-99
1866,-98
1867,-97
1868,-96
1869,-95
1870,-94
1871,-92
1872,-91
1873,-90
1874,-89
1875,-83
1876,-76
1877,-72
1878,-73
1879,-77
1880,-82
1881,-86
1882,-91
1883,-95
1884,-98
1885,-100
1886,-99
1887,-97
1888,-94
1889,-91
1890,-88
1891,-82
1892,-77
1893,-78
1894,-88
1895,-101
1896,-106
1897,-110
1898,-114
1899,-117
1900,-120
1901,-122
1902,-125
1903,-128
1904,-130
1905,-131
1906,-132
1907,-133
1908,-134
1909,-135
1910,-135
1911,-135
1912,-134
1913,-134
1914,-133
1915,-132
1916,-132
1917,-132
1918,-132
1919,-132
1920,-133
1921,-136
1922,-134
1923,-121
1924,-86
1925,-43
1926,12
1927,87
1928,184
1929,282
1930,384
1931,465
1932,499
1933,495
1934,434
1935,312
1936,148
1937,-28
1938,-160
1939,-205
1940,-220
1941,-193
1942,-163
1943,-138
1944,-132
1945,-130
1946,-129
1947,-127
1948,-125
1949,-124
1950,-124
1951,-121
1952,-116
1953,-109
1954,-103
1955,-92
1956,-76
1957,-72
1958,-71
1959,-69
1960,-67
1961,-65
1962,-64
1963,-64
1964,-65
1965,-66
1966,-68
1967,-71
1968,-68
1969,-44
1970,-27
1971,-12
1972,0
1973,2
1974,3
1975,4
1976,5
1977,7
1978,4
1979,-11
1980,-22
1981,-31
1982,-39
1983,-43
1984,-41
1985,-34
1986,-25
1987,-14
1988,2
1989,28
1990,42
1991,51
1992,58
1993,65
1994,70
1995,75
1996,80
1997,84
1998,87
1999,90
2000,94
2001,99
2002,105
2003,114
2004,123
2005,130
2006,137
2007,142
2008,146
2009,150
2010,153
2011,157
2012,162
2013,168
2014,174
2015,179
2016,185
2017,193
2018,201
2019,205
2020,202
2021,196
2022,187
2023,175
2024,157
2025,138
2026,116
2027,97
2028,86
2029,77
2030,69
2031,57
2032,39
2033,24
2034,9
2035,-2
2036,-12
2037,-21
2038,-29
2039,-35
2040,-38
2041,-33
2042,-25
2043,-18
2044,-16
2045,-14
2046,-12
2047,-10
2048,-8
2049,-6
2050,-5
2051,-4
2052,-3
2053,-1
2054,0
2055,1
2056,1
2057,0
2058,0
2059,-1
2060,-2
2061,-3
2062,-3
2063,-3
2064,-4
2065,-5
2066,-6
2067,-5
2068,-3
2069,-1
2070,0
2071,0
2072,0
2073,0
2074,1
2075,2
2076,3
2077,4
2078,4
2079,5
2080,10
2081,16
2082,19
2083,17
2084,10
2085,2
2086,-3
2087,-11
2088,-18
2089,-21
2090,-18
2091,-11
2092,-3
2093,7
2094,22
2095,26
2096,27
2097,29
2098,31
2099,15
2100,3
2101,-3
2102,-9
2103,-13
2104,-14
2105,-12
2106,-7
2107,0
2108,6
2109,12
2110,21
2111,29
2112,35
2113,35
2114,33
2115,29
2116,26
2117,24
2118,22
2119,19
2120,16
2121,14
2122,12
2123,12
2124,15
2125,18
2126,22
2127,24
2128,26
2129,29
2130,32
2131,35
2132,37
2133,40
2134,42
2135,44
2136,45
2137,46
2138,47
2139,47
2140,47
2141,46
2142,45
2143,45
2144,44
2145,43
2146,42
2147,41
2148,40
2149,39
2150,39
2151,38
2152,38
2153,37
2154,36
2155,36
2156,35
2157,34
2158,35
2159,36
2160,36
2161,36
2162,35
2163,34
2164,33
2165,31
2166,30
2167,28
2168,26
2169,23
2170,21
2171,19
2172,17
2173,15
2174,10
2175,4
2176,-1
2177,-3
2178,-2
2179,1
2180,7
2181,13
2182,21
2183,35
2184,36
2185,24
2186,6
2187,-19
2188,-34
2189,-41
2190,-46
2191,-50
2192,-54
2193,-56
2194,-59
2195,-61
2196,-62
2197,-64
2198,-66
2199,-68
2200,-70
2201,-72
2202,-75
2203,-77
2204,-79
2205,-79
2206,-78
2207,-75
2208,-72
2209,-67
2210,-62
2211,-54
2212,-39
2213,-21
2214,24
2215,87
2216,173
2217,278
2218,385
2219,472
2220,504
2221,495
2222,419
2223,272
2224,96
2225,-59
2226,-151
2227,-182
2228,-171
2229,-159
2230,-148
2231,-147
2232,-150
2233,-153
2234,-155
2235,-157
2236,-157
2237,-155
2238,-146
2239,-133
2240,-112
2241,-79
2242,-57
2243,-41
2244,-39
2245,-51
2246,-64
2247,-78
2248,-87
2249,-92
2250,-97
2251,-103
2252,-101
2253,-86
2254,-77
2255,-71
2256,-67
2257,-62
2258,-56
2259,-50
2260,-43
2261,-37
2262,-32
2263,-27
2264,-24
2265,-21
2266,-18
2267,-15
2268,-13
2269,-11
2270,-8
2271,-4
2272,-1
2273,1
2274,3
2275,5
2276,7
2277,10
2278,15
2279,24
2280,35
2281,49
2282,59
2283,69
2284,78
2285,85
2286,91
2287,97
2288,102
2289,107
2290,112
2291,118
2292,124
2293,131
2294,138
2295,148
2296,163
2297,175
2298,184
2299,190
2300,195
2301,199
2302,202
2303,205
2304,205
2305,202
2306,196
2307,188
2308,178
2309,167
2310,148
2311,134
2312,122
2313,111
2314,101
2315,91
2316,81
2317,70
2318,57
2319,44
2320,28
2321,9
2322,-14
2323,-38
2324,-49
2325,-54
2326,-57
2327,-59
2328,-61
2329,-63
2330,-64
2331,-64
2332,-64
2333,-64
2334,-63
2335,-62
2336,-61
2337,-59
2338,-56
2339,-51
2340,-47
2341,-43
2342,-38
2343,-29
2344,-24
2345,-31
2346,-43
2347,-51
2348,-58
2349,-65
2350,-70
2351,-72
2352,-69
2353,-64
2354,-57
2355,-52
2356,-49
2357,-44
2358,-38
2359,-32
2360,-28
2361,-28
2362,-32
2363,-37
2364,-42
2365,-44
2366,-43
2367,-44
2368,-46
2369,-50
2370,-53
2371,-55
2372,-55
2373,-55
2374,-55
2375,-58
2376,-61
2377,-62
2378,-62
2379,-60
2380,-58
2381,-58
2382,-58
2383,-58
2384,-59
2385,-59
2386,-59
2387,-61
2388,-67
2389,-68
2390,-65
2391,-62
2392,-60
2393,-58
2394,-57
2395,-58
2396,-59
2397,-62
2398,-65
2399,-66
2400,-67
2401,-68
2402,-69
2403,-69
2404,-70
2405,-70
2406,-69
2407,-68
2408,-67
2409,-68
2410,-69
2411,-71
2412,-72
2413,-72
2414,-72
2415,-72
2416,-72
2417,-73
2418,-74
2419,-75
2420,-75
2421,-75
2422,-77
2423,-82
2424,-88
2425,-89
2426,-83
2427,-74
2428,-63
2429,-49
2430,-40
2431,-33
2432,-27
2433,-19
2434,-15
2435,-20
2436,-30
2437,-37
2438,-44
2439,-51
2440,-55
2441,-56
2442,-52
2443,-45
2444,-36
2445,-28
2446,-20
2447,-10
2448,0
2449,6
2450,9
2451,10
2452,11
2453,12
2454,16
2455,20
2456,23
2457,24
2458,23
2459,20
2460,18
2461,16
2462,14
2463,11
2464,9
2465,11
2466,16
2467,23
2468,30
2469,40
2470,47
2471,47
2472,35
2473,19
2474,2
2475,-19
2476,-27
2477,-30
2478,-34
2479,-39
2480,-36
2481,-13
2482,22
2483,64
2484,85
2485,98
2486,107
2487,112
2488,112
2489,107
2490,98
2491,88
2492,75
2493,55
2494,52
2495,64
2496,98
2497,163
2498,253
2499,363
2500,485
2501,608
2502,701
2503,712
2504,675
2505,539
2506,365
2507,201
2508,68
2509,-27
2510,-80
2511,-99
2512,-100
2513,-85
2514,-44
2515,21
2516,70
2517,87
2518,93
2519,90
2520,84
2521,76
2522,69
2523,90
2524,109
2525,124
2526,133
2527,133
2528,122
2529,108
2530,98
2531,89
2532,81
2533,75
2534,73
2535,76
2536,83
2537,91
2538,100
2539,107
2540,115
2541,123
2542,130
2543,136
2544,140
2545,143
2546,146
2547,148
2548,150
2549,151
2550,153
2551,154
2552,155
2553,157
2554,159
2555,161
2556,164
2557,167
2558,169
2559,172
2560,176
2561,180
2562,191
2563,219
2564,249
2565,281
2566,304
2567,319
2568,326
2569,318
2570,302
2571,292
2572,283
2573,274
2574,267
2575,264
2576,266
2577,273
2578,285
2579,300
2580,329
2581,358
2582,367
2583,375
2584,375
2585,360
2586,351
2587,346
2588,343
2589,340
2590,337
2591,332
2592,326
2593,318
2594,310
2595,301
2596,291
2597,273
2598,240
2599,216
2600,195
2601,176
2602,160
2603,148
2604,140
2605,133
2606,128
2607,124
2608,122
2609,120
2610,118
2611,115
2612,113
2613,110
2614,108
2615,105
2616,102
2617,99
2618,95
2619,91
2620,88
2621,86
2622,84
2623,81
2624,78
2625,75
2626,73
2627,70
2628,67
2629,62
2630,57
2631,52
2632,46
2633,40
2634,34
2635,26
2636,14
2637,-8
2638,-31
2639,-54
2640,-77
2641,-109
2642,-129
2643,-142
2644,-154
2645,-163
2646,-172
2647,-179
2648,-185
2649,-191
2650,-195
2651,-199
2652,-203
2653,-206
2654,-210
2655,-214
2656,-217
2657,-220
2658,-224
2659,-227
2660,-231
2661,-236
2662,-241
2663,-246
2664,-249
2665,-252
2666,-257
2667,-262
2668,-268
2669,-274
2670,-278
2671,-281
2672,-284
2673,-286
2674,-288
2675,-292
2676,-295
2677,-297
2678,-298
2679,-299
2680,-301
2681,-304
2682,-306
2683,-308
2684,-306
2685,-302
2686,-297
2687,-293
2688,-289
2689,-286
2690,-283
2691,-280
2692,-277
2693,-274
2694,-273
2695,-272
2696,-271
2697,-269
2698,-267
2699,-265
2700,-264
2701,-264
2702,-264
2703,-264
2704,-263
2705,-262
2706,-260
2707,-258
2708,-256
2709,-255
2710,-253
2711,-251
2712,-249
2713,-246
2714,-244
2715,-241
2716,-239
2717,-236
2718,-234
2719,-230
2720,-217
2721,-205
2722,-195
2723,-190
2724,-187
2725,-185
2726,-184
2727,-182
2728,-179
2729,-177
2730,-173
2731,-169
2732,-164
2733,-158
2734,-153
2735,-148
2736,-144
2737,-140
2738,-137
2739,-133
2740,-130
2741,-127
2742,-123
2743,-120
2744,-116
2745,-112
2746,-107
2747,-104
2748,-101
2749,-100
2750,-99
2751,-97
2752,-95
2753,-94
2754,-94
2755,-96
2756,-97
2757,-99
2758,-99
2759,-98
2760,-98
2761,-98
2762,-97
2763,-94
2764,-85
2765,-84
2766,-94
2767,-102
2768,-109
2769,-115
2770,-118
2771,-116
2772,-107
2773,-94
2774,-80
2775,-66
2776,-47
2777,-30
2778,-19
2779,-8
2780,10
2781,48
2782,132
2783,244
2784,371
2785,485
2786,537
2787,533
2788,462
2789,329
2790,172
2791,30
2792,-70
2793,-148
2794,-180
2795,-199
2796,-210
2797,-188
2798,-151
2799,-115
2800,-91
2801,-74
2802,-73
2803,-88
2804,-101
2805,-114
2806,-120
2807,-112
2808,-98
2809,-90
2810,-84
2811,-78
2812,-74
2813,-71
2814,-68
2815,-65
2816,-61
2817,-58
2818,-56
2819,-55
2820,-54
2821,-55
2822,-55
2823,-55
2824,-54
2825,-52
2826,-49
2827,-45
2828,-40
2829,-35
2830,-30
2831,-24
2832,-18
2833,-13
2834,-9
2835,-5
2836,0
2837,3
2838,9
2839,15
2840,22
2841,28
2842,34
2843,41
2844,47
2845,53
2846,58
2847,63
2848,67
2849,72
2850,78
2851,86
2852,95
2853,104
2854,112
2855,120
2856,128
2857,139
2858,154
2859,176
2860,191
2861,203
2862,209
2863,213
2864,217
2865,222
2866,225
2867,228
2868,229
2869,229
2870,229
2871,229
2872,227
2873,225
2874,220
2875,215
2876,209
2877,203
2878,197
2879,190
2880,182
2881,170
2882,155
2883,142
2884,130
2885,119
2886,107
2887,87
2888,59
2889,33
2890,24
2891,20
2892,17
2893,14
2894,10
2895,7
2896,5
2897,3
2898,2
2899,1
2900,1
2901,0
2902,0
2903,0
2904,0
2905,0
2906,0
2907,0
2908,-1
2909,-2
2910,-2
2911,-3
2912,-5
2913,-6
2914,-6
2915,-6
2916,-4
2917,-1
2918,0
2919,1
2920,1
2921,1
2922,1
2923,1
2924,1
2925,0
2926,-1
2927,-3
2928,-5
2929,-6
2930,-6
2931,-6
2932,-7
2933,-7
2934,-7
2935,-7
2936,-6
2937,-6
2938,-7
2939,-12
2940,-17
2941,-21
2942,-22
2943,-19
2944,-13
2945,-7
2946,-1
2947,3
2948,10
2949,19
2950,27
2951,31
2952,29
2953,22
2954,14
2955,6
2956,0
2957,-5
2958,-13
2959,-20
2960,-25
2961,-26
2962,-25
2963,-22
2964,-19
2965,-16
2966,-14
2967,-12
2968,-10
2969,-6
2970,-3
2971,0
2972,1
2973,2
2974,4
2975,4
2976,3
2977,2
2978,0
2979,-1
2980,-4
2981,-6
2982,-8
2983,-9
2984,-9
2985,-9
2986,-8
2987,-6
2988,-4
2989,-3
2990,-1
2991,0
2992,0
2993,0
2994,0
2995,1
2996,2
2997,3
2998,4
2999,5
3000,7
3001,8
3002,9
3003,11
3004,11
3005,11
3006,11
3007,11
3008,11
3009,11
3010,13
3011,14
3012,17
3013,20
3014,23
3015,28
3016,33
3017,37
3018,40
3019,43
3020,46
3021,48
3022,51
3023,55
3024,58
3025,61
3026,64
3027,66
3028,67
3029,67
3030,66
3031,63
3032,59
3033,56
3034,53
3035,51
3036,48
3037,45
3038,41
3039,37
3040,33
3041,29
3042,25
3043,23
3044,21
3045,20
3046,19
3047,19
3048,19
3049,18
3050,16
3051,14
3052,10
3053,6
3054,3
3055,0
3056,-2
3057,-4
3058,-6
3059,-6
3060,-2
3061,3
3062,11
3063,22
3064,35
3065,89
3066,181
3067,300
3068,428
3069,545
3070,630
3071,663
3072,663
3073,623
3074,513
3075,341
3076,151
3077,-18
3078,-108
3079,-137
3080,-112
3081,-73
3082,-38
3083,-23
3084,-16
3085,-10
3086,-2
3087,6
3088,13
3089,16
3090,19
3091,21
3092,23
3093,24
3094,23
3095,23
3096,23
3097,24
3098,26
3099,28
3100,28
3101,28
3102,26
3103,25
3104,25
3105,25
3106,25
3107,25
3108,25
3109,25
3110,27
3111,28
3112,30
3113,31
3114,31
3115,32
3116,34
3117,36
3118,39
3119,42
3120,44
3121,45
3122,47
3123,49
3124,51
3125,54
3126,57
3127,60
3128,64
3129,72
3130,81
3131,91
3132,100
3133,106
3134,113
3135,119
3136,125
3137,132
3138,139
3139,145
3140,150
3141,155
3142,160
3143,165
3144,172
3145,179
3146,186
3147,193
3148,199
3149,205
3150,212
3151,220
3152,228
3153,235
3154,240
3155,241
3156,239
3157,237
3158,233
3159,228
3160,223
3161,218
3162,211
3163,202
3164,193
3165,184
3166,172
3167,152
3168,121
3169,93
3170,64
3171,42
3172,30
3173,16
3174,3
3175,-3
3176,-8
3177,-12
3178,-16
3179,-19
3180,-23
3181,-26
3182,-30
3183,-35
3184,-40
3185,-44
3186,-47
3187,-50
3188,-51
3189,-52
3190,-54
3191,-59
3192,-64
3193,-69
3194,-73
3195,-76
3196,-78
3197,-80
3198,-80
3199,-78
3200,-75
3201,-70
3202,-64
3203,-60
3204,-57
3205,-54
3206,-52
3207,-49
3208,-46
3209,-44
3210,-43
3211,-41
3212,-39
3213,-37
3214,-34
3215,-32
3216,-30
3217,-29
3218,-28
3219,-27
3220,-26
3221,-25
3222,-26
3223,-27
3224,-28
3225,-28
3226,-27
3227,-27
3228,-27
3229,-28
3230,-29
3231,-30
3232,-29
3233,-29
3234,-29
3235,-30
3236,-31
3237,-32
3238,-34
3239,-35
3240,-36
3241,-39
3242,-42
3243,-44
3244,-46
3245,-47
3246,-48
3247,-49
3248,-51
3249,-51
3250,-51
3251,-50
3252,-47
3253,-46
3254,-46
3255,-46
3256,-47
3257,-47
3258,-47
3259,-46
3260,-45
3261,-44
3262,-41
3263,-36
3264,-32
3265,-36
3266,-45
3267,-51
3268,-56
3269,-61
3270,-65
3271,-66
3272,-66
3273,-64
3274,-60
3275,-57
3276,-56
3277,-55
3278,-53
3279,-52
3280,-50
3281,-48
3282,-46
3283,-44
3284,-44
3285,-44
3286,-44
3287,-43
3288,-44
3289,-46
3290,-47
3291,-49
3292,-49
3293,-49
3294,-47
3295,-45
3296,-44
3297,-43
3298,-42
3299,-41
3300,-39
3301,-38
3302,-38
3303,-38
3304,-39
3305,-39
3306,-40
3307,-40
3308,-39
3309,-39
3310,-39
3311,-39
3312,-37
3313,-35
3314,-33
3315,-31
3316,-31
3317,-31
3318,-32
3319,-32
3320,-33
3321,-34
3322,-37
3323,-41
3324,-46
3325,-49
3326,-51
3327,-52
3328,-53
3329,-55
3330,-57
3331,-59
3332,-60
3333,-61
3334,-64
3335,-67
3336,-72
3337,-78
3338,-83
3339,-86
3340,-88
3341,-90
3342,-90
3343,-90
3344,-89
3345,-87
3346,-83
3347,-79
3348,-74
3349,-70
3350,-67
3351,-57
3352,-32
3353,12
3354,87
3355,193
3356,320
3357,448
3358,552
3359,590
3360,582
3361,500
3362,356
3363,193
3364,45
3365,-57
3366,-109
3367,-127
3368,-135
3369,-135
3370,-127
3371,-116
3372,-105
3373,-91
3374,-77
3375,-62
3376,-54
3377,-47
3378,-42
3379,-37
3380,-33
3381,-29
3382,-25
3383,-22
3384,-19
3385,-16
3386,-13
3387,-10
3388,-9
3389,-8
3390,-6
3391,-4
3392,-2
3393,0
3394,1
3395,3
3396,4
3397,5
3398,7
3399,9
3400,10
3401,11
3402,12
3403,13
3404,15
3405,18
3406,21
3407,24
3408,26
3409,27
3410,29
3411,32
3412,35
3413,38
3414,40
3415,43
3416,47
3417,53
3418,61
3419,69
3420,76
3421,81
3422,85
3423,90
3424,98
3425,107
3426,117
3427,131
3428,146
3429,153
3430,158
3431,164
3432,171
3433,176
3434,181
3435,184
3436,188
3437,192
3438,195
3439,198
3440,201
3441,202
3442,203
3443,205
3444,210
3445,219
3446,227
3447,227
3448,221
3449,211
3450,197
3451,175
3452,159
3453,146
3454,135
3455,119
3456,98
3457,76
3458,53
3459,37
3460,27
3461,18
3462,6
3463,-4
3464,-13
3465,-21
3466,-28
3467,-36
3468,-44
3469,-51
3470,-57
3471,-66
3472,-77
3473,-84
3474,-84
3475,-82
3476,-79
3477,-76
3478,-72
3479,-64
3480,-53
3481,-42
3482,-27
3483,-26
3484,-36
3485,-43
3486,-48
3487,-53
3488,-61
3489,-69
3490,-79
3491,-91
3492,-108
3493,-109
3494,-93
3495,-79
3496,-66
3497,-57
3498,-54
3499,-52
3500,-51
3501,-51
3502,-50
3503,-48
3504,-47
3505,-46
3506,-45
3507,-45
3508,-44
3509,-42
3510,-41
3511,-41
3512,-40
3513,-41
3514,-41
3515,-42
3516,-42
3517,-43
3518,-44
3519,-45
3520,-45
3521,-46
3522,-46
3523,-47
3524,-47
3525,-47
3526,-48
3527,-48
3528,-48
3529,-49
3530,-51
3531,-53
3532,-56
3533,-58
3534,-60
3535,-62
3536,-64
3537,-66
3538,-67
3539,-68
3540,-68
3541,-69
3542,-69
3543,-69
3544,-69
3545,-69
3546,-68
3547,-67
3548,-66
3549,-65
3550,-64
3551,-63
3552,-62
3553,-60
3554,-57
3555,-55
3556,-52
3557,-44
3558,-37
3559,-36
3560,-40
3561,-44
3562,-45
3563,-47
3564,-48
3565,-48
3566,-49
3567,-49
3568,-50
3569,-51
3570,-52
3571,-53
3572,-53
3573,-54
3574,-53
3575,-52
3576,-51
3577,-49
3578,-47
3579,-45
3580,-42
3581,-40
3582,-37
3583,-35
3584,-33
3585,-31
3586,-29
3587,-27
3588,-25
3589,-23
3590,-21
3591,-18
3592,-16
3593,-14
3594,-13
3595,-13
3596,-13
3597,-14
3598,-15
3599,-16
3600,-18
3601,-21
3602,-26
3603,-29
3604,-25
3605,-15
3606,-8
3607,0
3608,7
3609,11
3610,9
3611,5
3612,0
3613,-3
3614,-6
3615,-9
3616,-13
3617,-16
3618,-18
3619,-20
3620,-21
3621,-23
3622,-24
3623,-24
3624,-25
3625,-26
3626,-26
3627,-26
3628,-26
3629,-27
3630,-27
3631,-28
3632,-28
3633,-27
3634,-23
3635,-18
3636,-10
3637,17
3638,68
3639,140
3640,228
3641,328
3642,429
3643,523
3644,592
3645,599
3646,565
3647,442
3648,277
3649,106
3650,-40
3651,-125
3652,-154
3653,-143
3654,-109
3655,-69
3656,-53
3657,-33
3658,-23
3659,-18
3660,-13
3661,-9
3662,-6
3663,-3
3664,0
3665,2
3666,4
3667,5
3668,7
3669,9
3670,11
3671,13
3672,16
3673,19
3674,22
3675,26
3676,31
3677,37
3678,43
3679,51
3680,62
3681,69
3682,70
3683,70
3684,71
3685,72
3686,74
3687,73
3688,64
3689,54
3690,44
3691,34
3692,26
3693,26
3694,36
3695,48
3696,59
3697,72
3698,83
3699,88
3700,92
3701,95
3702,97
3703,99
3704,102
3705,104
3706,107
3707,111
3708,114
3709,117
3710,122
3711,128
3712,143
3713,169
3714,186
3715,198
3716,208
3717,216
3718,221
3719,225
3720,229
3721,232
3722,235
3723,236
3724,237
3725,237
3726,236
3727,235
3728,233
3729,230
3730,226
3731,221
3732,215
3733,210
3734,204
3735,195
3736,185
3737,177
3738,171
3739,163
3740,138
3741,92
3742,50
3743,25
3744,9
3745,0
3746,-7
3747,-18
3748,-30
3749,-36
3750,-41
3751,-45
3752,-49
3753,-52
3754,-56
3755,-59
3756,-62
3757,-64
3758,-67
3759,-70
3760,-72
3761,-74
3762,-75
3763,-77
3764,-78
3765,-80
3766,-82
3767,-83
3768,-85
3769,-86
3770,-87
3771,-89
3772,-90
3773,-91
3774,-91
3775,-91
3776,-91
3777,-90
3778,-88
3779,-86
3780,-84
3781,-82
3782,-80
3783,-77
3784,-71
3785,-79
3786,-91
3787,-99
3788,-87
3789,-76
3790,-67
3791,-64
3792,-65
3793,-68
3794,-72
3795,-77
3796,-71
3797,-67
3798,-64
3799,-63
3800,-62
3801,-62
3802,-63
3803,-63
3804,-63
3805,-64
3806,-65
3807,-68
3808,-71
3809,-74
3810,-77
3811,-81
3812,-85
3813,-89
3814,-91
3815,-91
3816,-89
3817,-87
3818,-84
3819,-82
3820,-79
3821,-76
3822,-72
3823,-70
3824,-71
3825,-73
3826,-77
3827,-81
3828,-85
3829,-88
3830,-91
3831,-96
3832,-101
3833,-107
3834,-111
3835,-117
3836,-125
3837,-124
3838,-109
3839,-99
3840,-91
3841,-85
3842,-80
3843,-77
3844,-76
3845,-75
3846,-71
3847,-66
3848,-66
3849,-71
3850,-74
3851,-75
3852,-77
3853,-78
3854,-79
3855,-80
3856,-80
3857,-81
3858,-82
3859,-82
3860,-81
3861,-81
3862,-80
3863,-79
3864,-79
3865,-79
3866,-79
3867,-78
3868,-76
3869,-74
3870,-73
3871,-70
3872,-68
3873,-65
3874,-62
3875,-59
3876,-57
3877,-54
3878,-50
3879,-42
3880,-34
3881,-32
3882,-32
3883,-32
3884,-32
3885,-30
3886,-27
3887,-26
3888,-27
3889,-31
3890,-36
3891,-39
3892,-44
3893,-47
3894,-47
3895,-46
3896,-44
3897,-43
3898,-41
3899,-38
3900,-35
3901,-33
3902,-34
3903,-36
3904,-38
3905,-41
3906,-44
3907,-50
3908,-54
3909,-52
3910,-46
3911,-41
3912,-36
3913,-32
3914,-30
3915,-30
3916,-32
3917,-37
3918,-43
3919,-50
3920,-58
3921,-70
3922,-77
3923,-72
3924,-57
3925,-16
3926,36
3927,101
3928,183
3929,282
3930,390
3931,492
3932,555
3933,577
3934,552
3935,472
3936,333
3937,177
3938,37
3939,-69
3940,-108
3941,-121
3942,-121
3943,-116
3944,-113
3945,-112
3946,-110
3947,-105
3948,-93
3949,-80
3950,-70
3951,-60
3952,-50
3953,-42
3954,-36
3955,-33
3956,-30
3957,-27
3958,-22
3959,-13
3960,0
3961,3
3962,1
3963,0
3964,-1
3965,-1
3966,-2
3967,-2
3968,-2
3969,-2
3970,-2
3971,-2
3972,-3
3973,-4
3974,-6
3975,-8
3976,-9
3977,-10
3978,-13
3979,-16
3980,-16
3981,-10
3982,0
3983,17
3984,36
3985,41
3986,44
3987,46
3988,48
3989,50
3990,52
3991,55
3992,58
3993,62
3994,66
3995,70
3996,76
3997,81
3998,91
3999,100
4000,106
4001,112
4002,120
4003,131
4004,145
4005,154
4006,159
4007,164
4008,168
4009,172
4010,176
4011,179
4012,183
4013,187
4014,192
4015,200
4016,207
4017,212
4018,217
4019,224
4020,233
4021,232
4022,216
4023,198
4024,179
4025,161
4026,144
4027,127
4028,109
4029,85
4030,51
4031,32
4032,23
4033,16
4034,12
4035,8
4036,3
4037,-1
4038,-7
4039,-13
4040,-18
4041,-24
4042,-31
4043,-39
4044,-47
4045,-54
4046,-59
4047,-60
4048,-60
4049,-60
4050,-59
4051,-59
4052,-59
4053,-59
4054,-59
4055,-59
4056,-59
4057,-59
4058,-59
4059,-58
4060,-57
4061,-56
4062,-56
4063,-56
4064,-56
4065,-55
4066,-54
4067,-53
4068,-52
4069,-52
4070,-52
4071,-51
4072,-50
4073,-49
4074,-48
4075,-47
4076,-47
4077,-47
4078,-47
4079,-45
4080,-44
4081,-42
4082,-40
4083,-37
4084,-29
4085,-24
4086,-27
4087,-33
4088,-35
4089,-36
4090,-37
4091,-38
4092,-38
4093,-39
4094,-40
4095,-42
4096,-44
4097,-46
4098,-47
4099,-48
4100,-49
4101,-49
4102,-49
4103,-48
4104,-48
4105,-48
4106,-47
4107,-47
4108,-48
4109,-49
4110,-49
4111,-49
4112,-50
4113,-51
4114,-52
4115,-52
4116,-51
4117,-51
4118,-50
4119,-48
4120,-47
4121,-45
4122,-43
4123,-41
4124,-40
4125,-39
4126,-40
4127,-40
4128,-40
4129,-39
4130,-39
4131,-39
4132,-38
4133,-38
4134,-35
4135,-31
4136,-28
4137,-28
4138,-35
4139,-46
4140,-59
4141,-73
4142,-92
4143,-102
4144,-96
4145,-83
4146,-71
4147,-58
4148,-44
4149,-30
4150,-8
4151,20
4152,42
4153,58
4154,57
4155,37
4156,19
4157,2
4158,-12
4159,-24
4160,-45
4161,-69
4162,-84
4163,-95
4164,-93
4165,-72
4166,-56
4167,-43
4168,-32
4169,-21
4170,-11
4171,-2
4172,7
4173,16
4174,19
4175,17
4176,13
4177,10
4178,8
4179,5
4180,2
4181,-1
4182,-3
4183,-4
4184,-3
4185,-2
4186,-1
4187,0
4188,0
4189,6
4190,-5
4191,-32
4192,-44
4193,-53
4194,-60
4195,-64
4196,-66
4197,-67
4198,-69
4199,-74
4200,-81
4201,-68
4202,-59
4203,-54
4204,-49
4205,-45
4206,-42
4207,-40
4208,-37
4209,-35
4210,-31
4211,-26
4212,-19
4213,8
4214,64
4215,133
4216,216
4217,310
4218,404
4219,488
4220,534
4221,535
4222,494
4223,406
4224,289
4225,167
4226,56
4227,-39
4228,-98
4229,-118
4230,-127
4231,-127
4232,-121
4233,-109
4234,-90
4235,-61
4236,-47
4237,-39
4238,-32
4239,-28
4240,-26
4241,-25
4242,-26
4243,-27
4244,-29
4245,-30
4246,-31
4247,-33
4248,-34
4249,-35
4250,-35
4251,-33
4252,-29
4253,-23
4254,-16
4255,-6
4256,11
4257,30
4258,43
4259,52
4260,59
4261,63
4262,63
4263,57
4264,49
4265,39
4266,30
4267,17
4268,6
4269,7
4270,19
4271,34
4272,45
4273,54
4274,61
4275,68
4276,74
4277,79
4278,84
4279,90
4280,95
4281,101
4282,107
4283,113
4284,120
4285,128
4286,136
4287,145
4288,154
4289,164
4290,174
4291,184
4292,192
4293,201
4294,208
4295,214
4296,220
4297,225
4298,230
4299,236
4300,241
4301,247
4302,252
4303,256
4304,261
4305,266
4306,270
4307,273
4308,275
4309,274
4310,271
4311,265
4312,257
4313,248
4314,237
4315,220
4316,187
4317,164
4318,137
4319,100
4320,78
4321,68
4322,60
4323,51
4324,41
4325,31
4326,23
4327,17
4328,12
4329,6
4330,0
4331,-5
4332,-8
4333,-8
4334,-6
4335,-2
4336,0
4337,0
4338,1
4339,2
4340,3
4341,4
4342,5
4343,6
4344,7
4345,8
4346,10
4347,11
4348,12
4349,11
4350,8
4351,5
4352,2
4353,-1
4354,-5
4355,-9
4356,-13
4357,-18
4358,-25
4359,-31
4360,-36
4361,-35
4362,-30
4363,-22
4364,-12
4365,-1
4366,15
4367,23
4368,28
4369,34
4370,39
4371,43
4372,39
4373,31
4374,26
4375,21
4376,17
4377,13
4378,11
4379,9
4380,9
4381,10
4382,13
4383,15
4384,19
4385,24
4386,27
4387,13
4388,-11
4389,-30
4390,-48
4391,-64
4392,-77
4393,-87
4394,-95
4395,-101
4396,-105
4397,-110
4398,-115
4399,-120
4400,-124
4401,-127
4402,-127
4403,-127
4404,-126
4405,-127
4406,-127
4407,-126
4408,-124
4409,-122
4410,-120
4411,-120
4412,-121
4413,-122
4414,-123
4415,-123
4416,-121
4417,-119
4418,-118
4419,-118
4420,-117
4421,-115
4422,-112
4423,-109
4424,-107
4425,-105
4426,-102
4427,-98
4428,-95
4429,-91
4430,-88
4431,-86
4432,-85
4433,-81
4434,-76
4435,-72
4436,-69
4437,-70
4438,-71
4439,-73
4440,-73
4441,-74
4442,-74
4443,-76
4444,-77
4445,-79
4446,-79
4447,-79
4448,-78
4449,-78
4450,-77
4451,-75
4452,-71
4453,-66
4454,-60
4455,-55
4456,-50
4457,-47
4458,-44
4459,-40
4460,-35
4461,-32
4462,-30
4463,-29
4464,-29
4465,-30
4466,-32
4467,-33
4468,-34
4469,-35
4470,-37
4471,-40
4472,-44
4473,-47
4474,-51
4475,-54
4476,-55
4477,-57
4478,-58
4479,-59
4480,-60
4481,-59
4482,-58
4483,-57
4484,-57
4485,-58
4486,-59
4487,-61
4488,-62
4489,-61
4490,-59
4491,-55
4492,-51
4493,-47
4494,-40
4495,-33
4496,-30
4497,-31
4498,-36
4499,-43
4500,-50
4501,-62
4502,-62
4503,-45
4504,1
4505,86
4506,203
4507,339
4508,472
4509,570
4510,603
4511,584
4512,523
4513,389
4514,231
4515,70
4516,-71
4517,-162
4518,-195
4519,-193
4520,-166
4521,-146
4522,-133
4523,-121
4524,-110
4525,-102
4526,-91
4527,-69
4528,-37
4529,-18
4530,-5
4531,0
4532,-9
4533,-28
4534,-40
4535,-51
4536,-60
4537,-66
4538,-69
4539,-68
4540,-61
4541,-52
4542,-44
4543,-36
4544,-32
4545,-28
4546,-23
4547,-19
4548,-15
4549,-12
4550,-9
4551,-6
4552,-3
4553,0
4554,1
4555,3
4556,6
4557,8
4558,10
4559,11
4560,12
4561,14
4562,15
4563,18
4564,20
4565,23
4566,26
4567,28
4568,32
4569,37
4570,42
4571,47
4572,52
4573,64
4574,77
4575,90
4576,99
4577,108
4578,116
4579,124
4580,131
4581,139
4582,148
4583,157
4584,166
4585,175
4586,183
4587,189
4588,195
4589,201
4590,206
4591,210
4592,212
4593,214
4594,216
4595,218
4596,219
4597,218
4598,215
4599,211
4600,206
4601,200
4602,192
4603,183
4604,171
4605,143
4606,117
4607,98
4608,84
4609,70
4610,54
4611,39
4612,22
4613,3
4614,-14
4615,-30
4616,-37
4617,-42
4618,-48
4619,-53
4620,-58
4621,-61
4622,-64
4623,-66
4624,-68
4625,-69
4626,-69
4627,-68
4628,-67
4629,-66
4630,-65
4631,-65
4632,-65
4633,-64
4634,-64
4635,-64
4636,-64
4637,-64
4638,-62
4639,-60
4640,-57
4641,-55
4642,-52
4643,-50
4644,-50
4645,-50
4646,-51
4647,-51
4648,-53
4649,-55
4650,-56
4651,-57
4652,-57
4653,-56
4654,-54
4655,-51
4656,-48
4657,-46
4658,-44
4659,-42
4660,-41
4661,-40
4662,-40
4663,-40
4664,-39
4665,-35
4666,-29
4667,-24
4668,-23
4669,-28
4670,-36
4671,-43
4672,-48
4673,-53
4674,-58
4675,-64
4676,-69
4677,-71
4678,-70
4679,-68
4680,-63
4681,-58
4682,-53
4683,-50
4684,-45
4685,-40
4686,-36
4687,-32
4688,-32
4689,-35
4690,-40
4691,-47
4692,-54
4693,-59
4694,-63
4695,-66
4696,-70
4697,-74
4698,-78
4699,-83
4700,-86
4701,-88
4702,-88
4703,-87
4704,-85
4705,-81
4706,-77
4707,-73
4708,-67
4709,-61
4710,-54
4711,-47
4712,-35
4713,-13
4714,-7
4715,-3
4716,0
4717,2
4718,3
4719,-1
4720,-12
4721,-26
4722,-45
4723,-69
4724,-74
4725,-78
4726,-83
4727,-79
4728,-51
4729,-39
4730,-33
4731,-27
4732,-23
4733,-19
4734,-14
4735,-9
4736,-4
4737,0
4738,4
4739,6
4740,7
4741,7
4742,7
4743,6
4744,4
4745,1
4746,-1
4747,-3
4748,-5
4749,-6
4750,-6
4751,-7
4752,-9
4753,-10
4754,-11
4755,-14
4756,-24
4757,-24
4758,-8
4759,1
4760,8
4761,15
4762,20
4763,22
4764,18
4765,10
4766,1
4767,-6
4768,-14
4769,-24
4770,-35
4771,-45
4772,-50
4773,-50
4774,-47
4775,-43
4776,-38
4777,-33
4778,-27
4779,-21
4780,-18
4781,-18
4782,-21
4783,-25
4784,-34
4785,-46
4786,-31
4787,12
4788,92
4789,193
4790,307
4791,415
4792,501
4793,534
4794,536
4795,501
4796,405
4797,253
4798,101
4799,-16
4800,-56
4801,-67
4802,-74
4803,-77
4804,-79
4805,-80
4806,-83
4807,-85
4808,-89
4809,-93
4810,-96
4811,-80
4812,-49
4813,-32
4814,-19
4815,-8
4816,0
4817,7
4818,13
4819,18
4820,20
4821,21
4822,20
4823,20
4824,20
4825,20
4826,19
4827,17
4828,15
4829,15
4830,16
4831,17
4832,19
4833,20
4834,21
4835,23
4836,26
4837,29
4838,32
4839,33
4840,34
4841,36
4842,39
4843,46
4844,53
4845,60
4846,63
4847,63
4848,61
4849,58
4850,56
4851,54
4852,50
4853,45
4854,42
4855,41
4856,48
4857,60
4858,73
4859,83
4860,91
4861,100
4862,110
4863,120
4864,130
4865,138
4866,146
4867,153
4868,162
4869,175
4870,197
4871,215
4872,229
4873,242
4874,256
4875,263
4876,253
4877,235
4878,220
4879,206
4880,192
4881,176
4882,163
4883,152
4884,143
4885,135
4886,126
4887,118
4888,109
4889,101
4890,92
4891,82
4892,69
4893,54
4894,41
4895,29
4896,12
4897,-9
4898,-33
4899,-42
4900,-47
4901,-52
4902,-57
4903,-60
4904,-63
4905,-65
4906,-67
4907,-69
4908,-70
4909,-70
4910,-71
4911,-72
4912,-72
4913,-73
4914,-74
4915,-75
4916,-75
4917,-76
4918,-77
4919,-77
4920,-76
4921,-75
4922,-73
4923,-70
4924,-67
4925,-64
4926,-61
4927,-60
4928,-59
4929,-58
4930,-57
4931,-56
4932,-53
4933,-46
4934,-38
4935,-34
4936,-36
4937,-41
4938,-45
4939,-46
4940,-46
4941,-46
4942,-48
4943,-49
4944,-51
4945,-53
4946,-55
4947,-57
4948,-58
4949,-59
4950,-59
4951,-59
4952,-58
4953,-58
4954,-58
4955,-59
4956,-60
4957,-60
4958,-60
4959,-61
4960,-62
4961,-63
4962,-64
4963,-66
4964,-67
4965,-68
4966,-68
4967,-69
4968,-70
4969,-73
4970,-75
4971,-78
4972,-79
4973,-81
4974,-82
4975,-85
4976,-90
4977,-95
4978,-97
4979,-97
4980,-96
4981,-94
4982,-93
4983,-93
4984,-93
4985,-93
4986,-92
4987,-91
4988,-89
4989,-88
4990,-88
4991,-87
4992,-85
4993,-84
4994,-83
4995,-83
4996,-83
4997,-84
4998,-86
4999,-87
5000,-89
5001,-90
5002,-90
5003,-90
5004,-90
5005,-90
5006,-90
5007,-90
5008,-89
5009,-88
5010,-87
5011,-86
5012,-85
5013,-84
5014,-83
5015,-81
5016,-80
5017,-77
5018,-75
5019,-72
5020,-69
5021,-67
5022,-65
5023,-63
5024,-61
5025,-59
5026,-56
5027,-52
5028,-48
5029,-45
5030,-42
5031,-40
5032,-37
5033,-35
5034,-33
5035,-32
5036,-33
5037,-35
5038,-37
5039,-39
5040,-42
5041,-45
5042,-48
5043,-51
5044,-53
5045,-54
5046,-56
5047,-57
5048,-58
5049,-62
5050,-67
5051,-72
5052,-74
5053,-75
5054,-74
5055,-72
5056,-71
5057,-71
5058,-70
5059,-69
5060,-65
5061,-62
5062,-58
5063,-55
5064,-52
5065,-49
5066,-46
5067,-43
5068,-38
5069,-33
5070,-25
5071,9
5072,92
5073,201
5074,319
5075,429
5076,506
5077,536
5078,538
5079,513
5080,443
5081,311
5082,162
5083,34
5084,-58
5085,-109
5086,-126
5087,-101
5088,-61
5089,-22
5090,-8
5091,-2
5092,1
5093,5
5094,8
5095,11
5096,15
5097,19
5098,24
5099,29
5100,32
5101,33
5102,35
5103,37
5104,40
5105,45
5106,51
5107,58
5108,62
5109,63
5110,62
5111,60
5112,58
5113,56
5114,54
5115,53
5116,52
5117,51
5118,51
5119,51
5120,50
5121,51
5122,55
5123,61
5124,69
5125,76
5126,83
5127,88
5128,92
5129,97
5130,101
5131,107
5132,112
5133,117
5134,121
5135,125
5136,129
5137,134
5138,138
5139,142
5140,146
5141,149
5142,154
5143,161
5144,170
5145,179
5146,187
5147,195
5148,204
5149,212
5150,221
5151,229
5152,237
5153,243
5154,247
5155,250
5156,252
5157,255
5158,257
5159,260
5160,262
5161,265
5162,269
5163,273
5164,276
5165,277
5166,273
5167,267
5168,259
5169,245
5170,221
5171,195
5172,170
5173,148
5174,130
5175,108
5176,78
5177,51
5178,38
5179,27
5180,23
5181,26
5182,33
5183,38
5184,43
5185,47
5186,49
5187,47
5188,40
5189,31
5190,24
5191,20
5192,17
5193,13
5194,8
5195,5
5196,1
5197,-1
5198,-4
5199,-8
5200,-11
5201,-14
5202,-15
5203,-15
5204,-14
5205,-14
5206,-15
5207,-15
5208,-15
5209,-14
5210,-14
5211,-15
5212,-17
5213,-18
5214,-19
5215,-19
5216,-19
5217,-19
5218,-18
5219,-17
5220,-15
5221,-12
5222,-8
5223,-4
5224,0
5225,4
5226,9
5227,9
5228,1
5229,-8
5230,-15
5231,-23
5232,-30
5233,-36
5234,-38
5235,-37
5236,-34
5237,-30
5238,-26
5239,-21
5240,-14
5241,-11
5242,-18
5243,-30
5244,-39
5245,-46
5246,-52
5247,-58
5248,-63
5249,-68
5250,-72
5251,-75
5252,-78
5253,-82
5254,-86
5255,-90
5256,-92
5257,-91
5258,-87
5259,-80
5260,-72
5261,-63
5262,-51
5263,-31
5264,-28
5265,-37
5266,-44
5267,-49
5268,-54
5269,-60
5270,-67
5271,-73
5272,-77
5273,-81
5274,-87
5275,-93
5276,-97
5277,-98
5278,-96
5279,-94
5280,-91
5281,-89
5282,-87
5283,-85
5284,-81
5285,-77
5286,-73
5287,-71
5288,-71
5289,-72
5290,-73
5291,-73
5292,-74
5293,-76
5294,-80
5295,-84
5296,-89
5297,-93
5298,-96
5299,-99
5300,-106
5301,-112
5302,-115
5303,-112
5304,-104
5305,-93
5306,-81
5307,-63
5308,-45
5309,-37
5310,-33
5311,-28
5312,-23
5313,-20
5314,-18
5315,-16
5316,-16
5317,-16
5318,-16
5319,-15
5320,-15
5321,-15
5322,-16
5323,-18
5324,-19
5325,-19
5326,-20
5327,-23
5328,-29
5329,-30
5330,-24
5331,-22
5332,-21
5333,-19
5334,-18
5335,-18
5336,-19
5337,-19
5338,-19
5339,-19
5340,-19
5341,-19
5342,-18
5343,-18
5344,-18
5345,-18
5346,-17
5347,-17
5348,-16
5349,-15
5350,-14
5351,-11
5352,-6
5353,0
5354,13
5355,39
5356,75
5357,127
5358,201
5359,294
5360,399
5361,501
5362,578
5363,604
5364,583
5365,519
5366,384
5367,246
5368,135
5369,59
5370,-2
5371,-68
5372,-92
5373,-106
5374,-114
5375,-95
5376,-76
5377,-62
5378,-50
5379,-38
5380,-28
5381,-23
5382,-20
5383,-17
5384,-13
5385,-10
5386,-8
5387,-7
5388,-6
5389,-5
5390,-4
5391,-3
5392,-2
5393,-1
5394,0
5395,0
5396,2
5397,4
5398,7
5399,8
5400,9
5401,9
5402,9
5403,9
5404,10
5405,11
5406,12
5407,13
5408,15
5409,18
5410,22
5411,27
5412,31
5413,35
5414,37
5415,40
5416,43
5417,48
5418,54
5419,68
5420,91
5421,99
5422,103
5423,106
5424,109
5425,112
5426,115
5427,118
5428,122
5429,127
5430,133
5431,139
5432,144
5433,150
5434,157
5435,166
5436,175
5437,184
5438,192
5439,200
5440,208
5441,216
5442,224
5443,233
5444,242
5445,252
5446,263
5447,276
5448,283
5449,275
5450,260
5451,245
5452,228
5453,215
5454,205
5455,190
5456,163
5457,135
5458,116
5459,101
5460,91
5461,82
5462,72
5463,61
5464,50
5465,41
5466,35
5467,29
5468,23
5469,17
5470,11
5471,6
5472,0
5473,-8
5474,-20
5475,-29
5476,-30
5477,-21
5478,-7
5479,9
5480,30
5481,36
5482,40
5483,46
5484,43
5485,21
5486,6
5487,-6
5488,-16
5489,-22
5490,-22
5491,-14
5492,-4
5493,4
5494,10
5495,14
5496,19
5497,24
5498,29
5499,33
5500,35
5501,37
5502,37
5503,38
5504,38
5505,38
5506,36
5507,34
5508,31
5509,28
5510,26
5511,25
5512,24
5513,23
5514,22
5515,21
5516,20
5517,20
5518,19
5519,18
5520,16
5521,14
5522,12
5523,10
5524,10
5525,9
5526,7
5527,5
5528,4
5529,2
5530,0
5531,-1
5532,-3
5533,-9
5534,-16
5535,-21
5536,-21
5537,-19
5538,-17
5539,-14
5540,-12
5541,-10
5542,-7
5543,-6
5544,-5
5545,-6
5546,-12
5547,-21
5548,-29
5549,-38
5550,-50
5551,-61
5552,-67
5553,-71
5554,-73
5555,-75
5556,-77
5557,-78
5558,-80
5559,-82
5560,-86
5561,-91
5562,-96
5563,-102
5564,-109
5565,-119
5566,-129
5567,-140
5568,-153
5569,-164
5570,-175
5571,-185
5572,-191
5573,-193
5574,-194
5575,-194
5576,-195
5577,-196
5578,-197
5579,-195
5580,-190
5581,-188
5582,-186
5583,-184
5584,-183
5585,-182
5586,-181
5587,-180
5588,-179
5589,-178
5590,-178
5591,-178
5592,-179
5593,-180
5594,-180
5595,-180
5596,-178
5597,-176
5598,-175
5599,-174
5600,-172
5601,-170
5602,-168
5603,-166
5604,-164
5605,-162
5606,-160
5607,-156
5608,-144
5609,-137
5610,-144
5611,-159
5612,-174
5613,-191
5614,-197
5615,-200
5616,-202
5617,-206
5618,-208
5619,-203
5620,-191
5621,-185
5622,-180
5623,-174
5624,-169
5625,-164
5626,-162
5627,-162
5628,-162
5629,-164
5630,-166
5631,-168
5632,-170
5633,-171
5634,-174
5635,-176
5636,-178
5637,-179
5638,-178
5639,-175
5640,-171
5641,-165
5642,-156
5643,-144
5644,-97
5645,-4
5646,124
5647,261
5648,376
5649,424
5650,440
5651,414
5652,335
5653,217
5654,75
5655,-72
5656,-195
5657,-272
5658,-298
5659,-285
5660,-244
5661,-165
5662,-116
5663,-99
5664,-120
5665,-156
5666,-185
5667,-201
5668,-212
5669,-196
5670,-169
5671,-141
5672,-128
5673,-121
5674,-115
5675,-112
5676,-112
5677,-112
5678,-113
5679,-114
5680,-116
5681,-119
5682,-121
5683,-124
5684,-124
5685,-120
5686,-110
5687,-100
5688,-95
5689,-89
5690,-83
5691,-78
5692,-73
5693,-69
5694,-67
5695,-65
5696,-65
5697,-66
5698,-67
5699,-68
5700,-71
5701,-74
5702,-78
5703,-85
5704,-96
5705,-80
5706,-53
5707,-23
5708,-9
5709,-3
5710,0
5711,4
5712,7
5713,13
5714,18
5715,24
5716,31
5717,39
5718,58
5719,94
5720,132
5721,165
5722,188
5723,204
5724,208
5725,209
5726,210
5727,213
5728,216
5729,218
5730,219
5731,219
5732,217
5733,217
5734,216
5735,214
5736,211
5737,204
5738,196
5739,188
5740,180
5741,172
5742,165
5743,155
5744,142
5745,131
5746,121
5747,114
5748,108
5749,102
5750,96
5751,86
5752,73
5753,58
5754,37
5755,16
5756,-6
5757,-10
5758,-10
5759,-11
5760,-11
5761,-10
5762,-10
5763,-4
5764,7
5765,20
5766,29
5767,39
5768,48
5769,56
5770,61
5771,65
5772,67
5773,68
5774,70
5775,74
5776,78
5777,77
5778,66
5779,50
5780,30
5781,5
5782,-5
5783,-13
5784,-21
5785,-24
5786,-17
5787,0
5788,22
5789,47
5790,62
5791,72
5792,80
5793,85
5794,88
5795,82
5796,71
5797,59
5798,51
5799,44
5800,36
5801,29
5802,25
5803,24
5804,26
5805,31
5806,37
5807,43
5808,47
5809,53
5810,59
5811,65
5812,70
5813,73
5814,74
5815,74
5816,73
5817,73
5818,73
5819,73
5820,72
5821,70
5822,68
5823,65
5824,64
5825,63
5826,62
5827,60
5828,59
5829,58
5830,58
5831,58
5832,59
5833,59
5834,58
5835,57
5836,56
5837,56
5838,56
5839,56
5840,55
5841,54
5842,52
5843,51
5844,50
5845,49
5846,47
5847,46
5848,46
5849,45
5850,45
5851,46
5852,47
5853,48
5854,49
5855,49
5856,50
5857,50
5858,50
5859,50
5860,48
5861,48
5862,47
5863,47
5864,47
5865,47
5866,48
5867,49
5868,51
5869,53
5870,54
5871,56
5872,58
5873,60
5874,62
5875,63
5876,64
5877,63
5878,63
5879,63
5880,63
5881,65
5882,66
5883,66
5884,67
5885,67
5886,68
5887,70
5888,71
5889,71
5890,70
5891,69
5892,69
5893,68
5894,68
5895,68
5896,68
5897,68
5898,69
5899,71
5900,70
5901,61
5902,49
5903,41
5904,34
5905,28
5906,24
5907,19
5908,15
5909,10
5910,5
5911,0
5912,-5
5913,-9
5914,-14
5915,-19
5916,-25
5917,-30
5918,-35
5919,-39
5920,-41
5921,-43
5922,-45
5923,-46
5924,-48
5925,-53
5926,-61
5927,-58
5928,-30
5929,42
5930,139
5931,248
5932,362
5933,465
5934,515
5935,533
5936,495
5937,378
5938,207
5939,39
5940,-84
5941,-123
5942,-135
5943,-142
5944,-145
5945,-144
5946,-141
5947,-135
5948,-125
5949,-108
5950,-70
5951,-51
5952,-45
5953,-39
5954,-33
5955,-28
5956,-25
5957,-22
5958,-20
5959,-19
5960,-17
5961,-16
5962,-15
5963,-15
5964,-14
5965,-13
5966,-12
5967,-10
5968,-9
5969,-7
5970,-5
5971,-3
5972,-1
5973,0
5974,1
5975,1
5976,2
5977,3
5978,4
5979,5
5980,7
5981,8
5982,9
5983,10
5984,11
5985,12
5986,12
5987,11
5988,10
5989,7
5990,4
5991,0
5992,-3
5993,-6
5994,-9
5995,-12
5996,-15
5997,-18
5998,-19
5999,-18
6000,-11
6001,0
6002,15
6003,29
6004,41
6005,58
6006,73
6007,84
6008,85
6009,86
6010,86
6011,85
6012,85
6013,86
6014,87
6015,83
6016,75
6017,68
6018,62
6019,57
6020,53
6021,51
6022,52
6023,56
6024,60
6025,66
6026,73
6027,84
6028,91
6029,80
6030,56
6031,32
6032,6
6033,-12
6034,-27
6035,-36
6036,-43
6037,-49
6038,-55
6039,-62
6040,-70
6041,-79
6042,-89
6043,-99
6044,-109
6045,-117
6046,-123
6047,-129
6048,-136
6049,-142
6050,-148
6051,-153
6052,-158
6053,-161
6054,-164
6055,-165
6056,-164
6057,-162
6058,-159
6059,-155
6060,-150
6061,-145
6062,-141
6063,-136
6064,-132
6065,-128
6066,-125
6067,-121
6068,-118
6069,-115
6070,-112
6071,-111
6072,-109
6073,-108
6074,-108
6075,-107
6076,-106
6077,-104
6078,-103
6079,-101
6080,-100
6081,-99
6082,-98
6083,-98
6084,-98
6085,-97
6086,-97
6087,-97
6088,-96
6089,-95
6090,-94
6091,-92
6092,-90
6093,-88
6094,-85
6095,-82
6096,-79
6097,-75
6098,-72
6099,-71
6100,-69
6101,-64
6102,-55
6103,-47
6104,-41
6105,-40
6106,-43
6107,-48
6108,-53
6109,-57
6110,-58
6111,-60
6112,-64
6113,-69
6114,-74
6115,-78
6116,-81
6117,-82
6118,-83
6119,-83
6120,-81
6121,-78
6122,-73
6123,-67
6124,-61
6125,-57
6126,-54
6127,-51
6128,-47
6129,-43
6130,-40
6131,-39
6132,-38
6133,-39
6134,-39
6135,-39
6136,-39
6137,-39
6138,-40
6139,-41
6140,-43
6141,-43
6142,-44
6143,-46
6144,-49
6145,-52
6146,-54
6147,-55
6148,-53
6149,-49
6150,-44
6151,-41
6152,-38
6153,-35
6154,-31
6155,-27
6156,-24
6157,-22
6158,-21
6159,-22
6160,-22
6161,-23
6162,-24
6163,-24
6164,-25
6165,-26
6166,-25
6167,-23
6168,-21
6169,-17
6170,-13
6171,-9
6172,-5
6173,-1
6174,1
6175,5
6176,8
6177,12
6178,16
6179,20
6180,24
6181,29
6182,36
6183,45
6184,52
6185,59
6186,63
6187,65
6188,64
6189,62
6190,58
6191,53
6192,47
6193,41
6194,34
6195,29
6196,25
6197,22
6198,18
6199,13
6200,7
6201,2
6202,-2
6203,-5
6204,-7
6205,-7
6206,-7
6207,-5
6208,-3
6209,2
6210,9
6211,16
6212,24
6213,33
6214,52
6215,94
6216,169
6217,273
6218,391
6219,500
6220,555
6221,573
6222,548
6223,470
6224,354
6225,217
6226,79
6227,-31
6228,-72
6229,-88
6230,-99
6231,-103
6232,-96
6233,-85
6234,-79
6235,-75
6236,-72
6237,-69
6238,-67
6239,-66
6240,-65
6241,-63
6242,-60
6243,-58
6244,-55
6245,-53
6246,-53
6247,-52
6248,-50
6249,-46
6250,-41
6251,-35
6252,-30
6253,-26
6254,-22
6255,-14
6256,-6
6257,0
6258,3
6259,6
6260,8
6261,10
6262,12
6263,16
6264,19
6265,21
6266,22
6267,23
6268,25
6269,28
6270,32
6271,34
6272,36
6273,37
6274,40
6275,45
6276,51
6277,58
6278,65
6279,73
6280,82
6281,92
6282,102
6283,112
6284,122
6285,130
6286,136
6287,141
6288,146
6289,152
6290,157
6291,162
6292,167
6293,172
6294,178
6295,183
6296,189
6297,195
6298,201
6299,206
6300,214
6301,222
6302,231
6303,239
6304,244
6305,246
6306,248
6307,250
6308,253
6309,257
6310,263
6311,267
6312,265
6313,255
6314,242
6315,234
6316,226
6317,219
6318,211
6319,205
6320,198
6321,193
6322,188
6323,183
6324,177
6325,169
6326,159
6327,147
6328,135
6329,124
6330,111
6331,100
6332,92
6333,89
6334,88
6335,88
6336,88
6337,87
6338,84
6339,86
6340,100
6341,108
6342,113
6343,118
6344,123
6345,126
6346,128
6347,129
6348,130
6349,130
6350,130
6351,130
6352,130
6353,129
6354,128
6355,126
6356,125
6357,124
6358,122
6359,120
6360,117
6361,114
6362,111
6363,108
6364,106
6365,104
6366,101
6367,96
6368,90
6369,78
6370,51
6371,19
6372,-11
6373,-25
6374,-32
6375,-39
6376,-44
6377,-48
6378,-51
6379,-54
6380,-58
6381,-61
6382,-65
6383,-68
6384,-70
6385,-71
6386,-72
6387,-73
6388,-76
6389,-78
6390,-80
6391,-82
6392,-83
6393,-85
6394,-88
6395,-91
6396,-93
6397,-95
6398,-96
6399,-97
6400,-98
6401,-100
6402,-101
6403,-102
6404,-103
6405,-103
6406,-105
6407,-108
6408,-113
6409,-117
6410,-120
6411,-121
6412,-120
6413,-117
6414,-113
6415,-108
6416,-102
6417,-93
6418,-86
6419,-85
6420,-89
6421,-94
6422,-98
6423,-102
6424,-105
6425,-108
6426,-109
6427,-108
6428,-107
6429,-105
6430,-103
6431,-100
6432,-97
6433,-94
6434,-91
6435,-90
6436,-93
6437,-99
6438,-107
6439,-114
6440,-121
6441,-128
6442,-137
6443,-144
6444,-149
6445,-149
6446,-147
6447,-145
6448,-143
6449,-142
6450,-141
6451,-138
6452,-134
6453,-131
6454,-131
6455,-139
6456,-150
6457,-160
6458,-164
6459,-168
6460,-171
6461,-175
6462,-180
6463,-185
6464,-190
6465,-194
6466,-197
6467,-200
6468,-204
6469,-207
6470,-210
6471,-213
6472,-216
6473,-220
6474,-225
6475,-232
6476,-240
6477,-248
6478,-253
6479,-257
6480,-261
6481,-263
6482,-266
6483,-268
6484,-271
6485,-274
6486,-276
6487,-277
6488,-278
6489,-279
6490,-280
6491,-281
6492,-281
6493,-279
6494,-277
6495,-273
6496,-270
6497,-266
6498,-263
6499,-258
6500,-252
6501,-244
6502,-225
6503,-211
6504,-175
6505,-119
6506,-34
6507,76
6508,208
6509,349
6510,467
6511,493
6512,474
6513,352
6514,172
6515,-11
6516,-143
6517,-212
6518,-240
6519,-251
6520,-260
6521,-264
6522,-256
6523,-240
6524,-220
6525,-196
6526,-175
6527,-161
6528,-150
6529,-141
6530,-138
6531,-139
6532,-142
6533,-146
6534,-150
6535,-154
6536,-158
6537,-160
6538,-160
6539,-157
6540,-150
6541,-142
6542,-135
6543,-130
6544,-127
6545,-124
6546,-121
6547,-119
6548,-117
6549,-114
6550,-111
6551,-108
6552,-106
6553,-104
6554,-102
6555,-100
6556,-98
6557,-95
6558,-93
6559,-93
6560,-92
6561,-91
6562,-89
6563,-85
6564,-80
6565,-69
6566,-48
6567,-42
6568,-39
6569,-35
6570,-31
6571,-25
6572,-15
6573,-5
6574,2
6575,10
6576,17
6577,26
6578,35
6579,44
6580,53
6581,62
6582,73
6583,86
6584,98
6585,107
6586,118
6587,138
6588,164
6589,175
6590,182
6591,188
6592,192
6593,193
6594,191
6595,187
6596,183
6597,179
6598,174
6599,170
6600,166
6601,161
6602,157
6603,152
6604,148
6605,143
6606,137
6607,129
6608,120
6609,108
6610,87
6611,63
6612,40
6613,20
6614,13
6615,10
6616,9
6617,7
6618,6
6619,3
6620,2
6621,1
6622,2
6623,4
6624,6
6625,8
6626,12
6627,15
6628,10
6629,2
6630,0
6631,-4
6632,-8
6633,-12
6634,-15
6635,-17
6636,-19
6637,-20
6638,-21
6639,-21
6640,-19
6641,-16
6642,-12
6643,-7
6644,-3
6645,0
6646,2
6647,6
6648,12
6649,18
6650,23
6651,24
6652,20
6653,15
6654,9
6655,5
6656,2
6657,0
6658,-4
6659,-8
6660,-11
6661,-12
6662,-11
6663,-9
6664,-6
6665,-4
6666,-2
6667,0
6668,4
6669,10
6670,15
6671,17
6672,15
6673,11
6674,6
6675,2
6676,1
6677,0
6678,-1
6679,-4
6680,-7
6681,-9
6682,-10
6683,-12
6684,-13
6685,-15
6686,-17
6687,-18
6688,-18
6689,-17
6690,-17
6691,-18
6692,-19
6693,-20
6694,-20
6695,-20
6696,-19
6697,-19
6698,-20
6699,-21
6700,-22
6701,-22
6702,-21
6703,-20
6704,-19
6705,-20
6706,-21
6707,-22
6708,-22
6709,-21
6710,-20
6711,-19
6712,-19
6713,-20
6714,-19
6715,-18
6716,-16
6717,-15
6718,-14
6719,-13
6720,-12
6721,-10
6722,-7
6723,-3
6724,1
6725,5
6726,10
6727,16
6728,27
6729,37
6730,42
6731,40
6732,34
6733,28
6734,24
6735,21
6736,19
6737,17
6738,15
6739,14
6740,14
6741,16
6742,20
6743,25
6744,28
6745,30
6746,32
6747,34
6748,36
6749,39
6750,41
6751,44
6752,46
6753,47
6754,48
6755,48
6756,47
6757,45
6758,42
6759,39
6760,36
6761,34
6762,33
6763,32
6764,31
6765,29
6766,28
6767,28
6768,28
6769,29
6770,29
6771,28
6772,26
6773,25
6774,23
6775,23
6776,22
6777,22
6778,22
6779,22
6780,23
6781,25
6782,26
6783,28
6784,30
6785,31
6786,32
6787,32
6788,34
6789,36
6790,38
6791,50
6792,104
6793,174
6794,252
6795,337
6796,423
6797,500
6798,550
6799,567
6800,554
6801,516
6802,420
6803,298
6804,173
6805,59
6806,-7
6807,-29
6808,-42
6809,-47
6810,-44
6811,-36
6812,-27
6813,-20
6814,-14
6815,-9
6816,-4
6817,1
6818,7
6819,15
6820,21
6821,27
6822,33
6823,39
6824,46
6825,54
6826,60
6827,63
6828,65
6829,66
6830,66
6831,67
6832,67
6833,67
6834,67
6835,66
6836,65
6837,65
6838,66
6839,66
6840,66
6841,65
6842,66
6843,67
6844,67
6845,67
6846,66
6847,66
6848,69
6849,77
6850,87
6851,94
6852,100
6853,106
6854,111
6855,116
6856,121
6857,124
6858,127
6859,129
6860,131
6861,134
6862,138
6863,142
6864,146
6865,149
6866,152
6867,155
6868,160
6869,168
6870,180
6871,196
6872,204
6873,209
6874,214
6875,220
6876,225
6877,229
6878,231
6879,232
6880,231
6881,230
6882,229
6883,228
6884,226
6885,223
6886,220
6887,216
6888,214
6889,211
6890,209
6891,204
6892,198
6893,189
6894,178
6895,161
6896,141
6897,112
6898,80
6899,55
6900,36
6901,11
6902,-1
6903,-9
6904,-15
6905,-20
6906,-24
6907,-27
6908,-27
6909,-25
6910,-23
6911,-20
6912,-18
6913,-17
6914,-15
6915,-13
6916,-9
6917,-6
6918,-3
6919,-3
6920,-5
6921,-8
6922,-12
6923,-16
6924,-19
6925,-22
6926,-25
6927,-28
6928,-30
6929,-31
6930,-30
6931,-28
6932,-25
6933,-20
6934,-14
6935,-8
6936,-3
6937,3
6938,10
6939,16
6940,19
6941,20
6942,17
6943,12
6944,6
6945,0
6946,-4
6947,-9
6948,-15
6949,-20
6950,-25
6951,-28
6952,-30
6953,-30
6954,-29
6955,-28
6956,-27
6957,-26
6958,-24
6959,-21
6960,-19
6961,-17
6962,-16
6963,-15
6964,-14
6965,-12
6966,-11
6967,-10
6968,-10
6969,-12
6970,-15
6971,-18
6972,-21
6973,-23
6974,-25
6975,-28
6976,-30
6977,-33
6978,-34
6979,-35
6980,-35
6981,-35
6982,-35
6983,-35
6984,-34
6985,-33
6986,-32
6987,-30
6988,-30
6989,-30
6990,-29
6991,-28
6992,-25
6993,-22
6994,-20
6995,-22
6996,-27
6997,-31
6998,-34
6999,-37
7000,-40
7001,-43
7002,-45
7003,-46
7004,-44
7005,-40
7006,-34
7007,-28
7008,-23
7009,-15
7010,-7
7011,-3
7012,-5
7013,-12
7014,-21
7015,-26
7016,-32
7017,-38
7018,-43
7019,-47
7020,-50
7021,-53
7022,-55
7023,-57
7024,-59
7025,-61
7026,-62
7027,-63
7028,-64
7029,-66
7030,-67
7031,-69
7032,-70
7033,-69
7034,-65
7035,-60
7036,-55
7037,-49
7038,-43
7039,-36
7040,-28
7041,-21
7042,-17
7043,-15
7044,-14
7045,-10
7046,-4
7047,-6
7048,-24
7049,-39
7050,-53
7051,-63
7052,-68
7053,-72
7054,-76
7055,-81
7056,-85
7057,-85
7058,-82
7059,-77
7060,-74
7061,-71
7062,-69
7063,-67
7064,-65
7065,-65
7066,-64
7067,-64
7068,-62
7069,-60
7070,-60
7071,-59
7072,-60
7073,-59
7074,-59
7075,-57
7076,-55
7077,-53
7078,-50
7079,-35
7080,25
7081,109
7082,210
7083,329
7084,458
7085,569
7086,619
7087,614
7088,538
7089,389
7090,215
7091,54
7092,-72
7093,-157
7094,-190
7095,-202
7096,-199
7097,-173
7098,-133
7099,-94
7100,-78
7101,-70
7102,-65
7103,-62
7104,-59
7105,-55
7106,-51
7107,-47
7108,-41
7109,-35
7110,-27
7111,-20
7112,-19
7113,-22
7114,-25
7115,-27
7116,-30
7117,-33
7118,-34
7119,-31
7120,-23
7121,-15
7122,-11
7123,-7
7124,-3
7125,0
7126,4
7127,7
7128,9
7129,10
7130,10
7131,9
7132,7
7133,5
7134,3
7135,0
7136,-4
7137,-8
7138,-12
7139,-20
7140,-24
7141,-16
7142,0
7143,17
7144,38
7145,55
7146,73
7147,89
7148,103
7149,110
7150,114
7151,118
7152,121
7153,123
7154,127
7155,131
7156,135
7157,139
7158,143
7159,148
7160,152
7161,160
7162,173
7163,185
7164,196
7165,206
7166,215
7167,222
7168,223
7169,215
7170,204
7171,193
7172,178
7173,163
7174,147
7175,137
7176,131
7177,125
7178,120
7179,115
7180,110
7181,105
7182,102
7183,98
7184,94
7185,87
7186,73
7187,39
7188,6
7189,-17
7190,-39
7191,-51
7192,-60
7193,-66
7194,-71
7195,-76
7196,-80
7197,-84
7198,-88
7199,-91
7200,-93
7201,-95
7202,-97
7203,-100
7204,-103
7205,-105
7206,-105
7207,-104
7208,-101
7209,-99
7210,-97
7211,-94
7212,-92
7213,-88
7214,-83
7215,-78
7216,-76
7217,-76
7218,-77
7219,-79
7220,-81
7221,-85
7222,-91
7223,-95
7224,-90
7225,-79
7226,-74
7227,-70
7228,-66
7229,-62
7230,-59
7231,-56
7232,-53
7233,-51
7234,-50
7235,-50
7236,-51
7237,-53
7238,-54
7239,-56
7240,-58
7241,-60
7242,-61
7243,-63
7244,-64
7245,-65
7246,-66
7247,-69
7248,-73
7249,-75
7250,-73
7251,-71
7252,-69
7253,-68
7254,-66
7255,-65
7256,-64
7257,-63
7258,-62
7259,-62
7260,-62
7261,-62
7262,-62
7263,-63
7264,-65
7265,-67
7266,-69
7267,-70
7268,-71
7269,-72
7270,-72
7271,-73
7272,-74
7273,-74
7274,-74
7275,-73
7276,-73
7277,-72
7278,-72
7279,-71
7280,-69
7281,-65
7282,-61
7283,-57
7284,-54
7285,-51
7286,-48
7287,-44
7288,-37
7289,-29
7290,-22
7291,-19
7292,-21
7293,-26
7294,-32
7295,-40
7296,-52
7297,-72
7298,-84
7299,-91
7300,-97
7301,-102
7302,-103
7303,-98
7304,-87
7305,-73
7306,-56
7307,-32
7308,-29
7309,-31
7310,-33
7311,-33
7312,-33
7313,-32
7314,-31
7315,-29
7316,-28
7317,-26
7318,-25
7319,-22
7320,-20
7321,-18
7322,-17
7323,-16
7324,-15
7325,-15
7326,-14
7327,-13
7328,-11
7329,-8
7330,-5
7331,-3
7332,0
7333,1
7334,1
7335,1
7336,0
7337,-1
7338,-3
7339,-6
7340,-9
7341,-11
7342,-13
7343,-15
7344,-17
7345,-19
7346,-20
7347,-21
7348,-22
7349,-23
7350,-25
7351,-29
7352,-32
7353,-36
7354,-39
7355,-42
7356,-44
7357,-44
7358,-44
7359,-44
7360,-43
7361,-42
7362,-40
7363,-38
7364,-35
7365,-32
7366,-29
7367,-24
7368,-3
7369,55
7370,139
7371,247
7372,375
7373,508
7374,621
7375,654
7376,638
7377,522
7378,343
7379,152
7380,-7
7381,-63
7382,-80
7383,-90
7384,-94
7385,-94
7386,-89
7387,-82
7388,-73
7389,-65
7390,-56
7391,-46
7392,-40
7393,-38
7394,-41
7395,-46
7396,-53
7397,-58
7398,-66
7399,-73
7400,-76
7401,-74
7402,-66
7403,-56
7404,-40
7405,-20
7406,-16
7407,-14
7408,-11
7409,-8
7410,-5
7411,-5
7412,-8
7413,-11
7414,-14
7415,-19
7416,-23
7417,-15
7418,-1
7419,8
7420,16
7421,25
7422,31
7423,34
7424,34
7425,32
7426,30
7427,28
7428,21
7429,12
7430,32
7431,47
7432,55
7433,62
7434,68
7435,71
7436,71
7437,69
7438,68
7439,66
7440,63
7441,53
7442,59
7443,93
7444,130
7445,150
7446,158
7447,165
7448,170
7449,174
7450,177
7451,180
7452,183
7453,186
7454,187
7455,188
7456,189
7457,190
7458,191
7459,193
7460,194
7461,195
7462,200
7463,202
7464,195
7465,180
7466,169
7467,158
7468,145
7469,125
7470,101
7471,78
7472,54
7473,34
7474,21
7475,12
7476,4
7477,-2
7478,-8
7479,-14
7480,-22
7481,-31
7482,-39
7483,-46
7484,-53
7485,-62
7486,-70
7487,-75
7488,-78
7489,-79
7490,-79
7491,-78
7492,-77
7493,-77
7494,-78
7495,-80
7496,-80
7497,-81
7498,-81
7499,-81
7500,-81
7501,-81
7502,-81
7503,-79
7504,-77
7505,-74
7506,-72
7507,-70
7508,-69
7509,-68
7510,-66
7511,-64
7512,-62
7513,-59
7514,-58
7515,-56
7516,-49
7517,-43
7518,-42
7519,-50
7520,-60
7521,-67
7522,-75
7523,-82
7524,-86
7525,-87
7526,-84
7527,-78
7528,-71
7529,-64
7530,-59
7531,-54
7532,-49
7533,-44
7534,-39
7535,-35
7536,-31
7537,-26
7538,-22
7539,-19
7540,-17
7541,-15
7542,-14
7543,-12
7544,-10
7545,-6
7546,3
7547,9
7548,1
7549,-14
7550,-24
7551,-32
7552,-40
7553,-46
7554,-49
7555,-48
7556,-47
7557,-45
7558,-44
7559,-43
7560,-40
7561,-37
7562,-34
7563,-31
7564,-29
7565,-26
7566,-23
7567,-19
7568,-14
7569,-10
7570,-7
7571,-4
7572,0
7573,6
7574,11
7575,13
7576,12
7577,7
7578,2
7579,-2
7580,-4
7581,-7
7582,-10
7583,-14
7584,-19
7585,-22
7586,-24
7587,-24
7588,-24
7589,-23
7590,-21
7591,-19
7592,-17
7593,-13
7594,-9
7595,-4
7596,-1
7597,3
7598,13
7599,20
7600,11
7601,-4
7602,-14
7603,-23
7604,-31
7605,-38
7606,-40
7607,-37
7608,-31
7609,-25
7610,-21
7611,-19
7612,-17
7613,-15
7614,-11
7615,-7
7616,-4
7617,-1
7618,0
7619,3
7620,4
7621,5
7622,5
7623,4
7624,3
7625,1
7626,-1
7627,-3
7628,-6
7629,-9
7630,-12
7631,-14
7632,-17
7633,-21
7634,-26
7635,-29
7636,-30
7637,-31
7638,-31
7639,-32
7640,-32
7641,-33
7642,-33
7643,-32
7644,-31
7645,-31
7646,-32
7647,-33
7648,-34
7649,-34
7650,-32
7651,-30
7652,-28
7653,-25
7654,-23
7655,-20
7656,-16
7657,-11
7658,-6
7659,5
7660,30
7661,70
7662,139
7663,243
7664,366
7665,492
7666,595
7667,642
7668,640
7669,582
7670,461
7671,303
7672,126
7673,-31
7674,-144
7675,-173
7676,-181
7677,-186
7678,-165
7679,-129
7680,-96
7681,-82
7682,-75
7683,-70
7684,-66
7685,-61
7686,-55
7687,-48
7688,-39
7689,-30
7690,-19
7691,-2
7692,10
7693,10
7694,0
7695,-12
7696,-20
7697,-26
7698,-30
7699,-32
7700,-33
7701,-33
7702,-30
7703,-25
7704,-19
7705,-12
7706,-6
7707,-3
7708,0
7709,3
7710,7
7711,10
7712,12
7713,13
7714,14
7715,14
7716,14
7717,15
7718,17
7719,19
7720,21
7721,22
7722,23
7723,24
7724,26
7725,29
7726,31
7727,34
7728,37
7729,41
7730,50
7731,75
7732,105
7733,126
7734,142
7735,155
7736,160
7737,158
7738,151
7739,143
7740,137
7741,130
7742,123
7743,118
7744,116
7745,119
7746,125
7747,135
7748,147
7749,165
7750,193
7751,205
7752,212
7753,219
7754,225
7755,227
7756,222
7757,212
7758,197
7759,172
7760,131
7761,101
7762,82
7763,63
7764,44
7765,19
7766,-5
7767,-9
7768,-10
7769,-11
7770,-12
7771,-13
7772,-14
7773,-15
7774,-17
7775,-20
7776,-23
7777,-27
7778,-31
7779,-34
7780,-36
7781,-39
7782,-42
7783,-49
7784,-56
7785,-62
7786,-64
7787,-63
7788,-61
7789,-59
7790,-57
7791,-55
7792,-52
7793,-49
7794,-45
7795,-41
7796,-39
7797,-35
7798,-31
7799,-27
7800,-25
7801,-23
7802,-22
7803,-21
7804,-18
7805,-12
7806,-4
7807,-1
7808,-7
7809,-19
7810,-28
7811,-32
7812,-33
7813,-34
7814,-37
7815,-41
7816,-46
7817,-50
7818,-53
7819,-55
7820,-56
7821,-57
7822,-59
7823,-60
7824,-60
7825,-59
7826,-58
7827,-55
7828,-52
7829,-50
7830,-48
7831,-47
7832,-46
7833,-45
7834,-45
7835,-44
7836,-43
7837,-42
7838,-41
7839,-38
7840,-34
7841,-29
7842,-26
7843,-25
7844,-28
7845,-33
7846,-39
7847,-43
7848,-46
7849,-50
7850,-55
7851,-61
7852,-66
7853,-68
7854,-67
7855,-65
7856,-62
7857,-59
7858,-57
7859,-55
7860,-50
7861,-44
7862,-37
7863,-34
7864,-35
7865,-38
7866,-41
7867,-43
7868,-44
7869,-45
7870,-47
7871,-49
7872,-51
7873,-53
7874,-53
7875,-52
7876,-49
7877,-46
7878,-42
7879,-37
7880,-31
7881,-24
7882,-16
7883,-3
7884,6
7885,5
7886,-6
7887,-21
7888,-30
7889,-38
7890,-45
7891,-51
7892,-54
7893,-56
7894,-57
7895,-55
7896,-51
7897,-45
7898,-39
7899,-33
7900,-26
7901,-20
7902,-11
7903,-2
7904,6
7905,12
7906,13
7907,11
7908,7
7909,2
7910,-1
7911,-4
7912,-9
7913,-14
7914,-19
7915,-22
7916,-22
7917,-21
7918,-19
7919,-17
7920,-16
7921,-16
7922,-14
7923,-11
7924,-8
7925,-6
7926,-5
7927,-4
7928,-4
7929,-5
7930,-6
7931,-9
7932,-14
7933,-19
7934,-24
7935,-28
7936,-32
7937,-36
7938,-43
7939,-50
7940,-56
7941,-58
7942,-54
7943,-44
7944,-29
7945,-11
7946,23
7947,72
7948,137
7949,223
7950,331
7951,439
7952,526
7953,556
7954,542
7955,497
7956,378
7957,233
7958,87
7959,-40
7960,-130
7961,-162
7962,-162
7963,-140
7964,-123
7965,-110
7966,-98
7967,-84
7968,-70
7969,-59
7970,-48
7971,-39
7972,-31
7973,-26
7974,-25
7975,-27
7976,-32
7977,-39
7978,-47
7979,-59
7980,-65
7981,-53
7982,-32
7983,-22
7984,-16
7985,-11
7986,-5
7987,0
7988,4
7989,9
7990,13
7991,14
7992,15
7993,14
7994,14
7995,13
7996,10
7997,6
7998,3
7999,0
8000,-3
8001,-6
8002,-11
8003,-22
8004,-20
8005,5
8006,30
8007,53
8008,68
8009,76
8010,80
8011,82
8012,85
8013,88
8014,92
8015,96
8016,101
8017,107
8018,113
8019,120
8020,127
8021,133
8022,139
8023,145
8024,152
8025,159
8026,166
8027,173
8028,179
8029,184
8030,189
8031,194
8032,198
8033,202
8034,205
8035,208
8036,213
8037,218
8038,224
8039,227
8040,227
8041,221
8042,210
8043,197
8044,182
8045,166
8046,143
8047,122
8048,108
8049,94
8050,75
8051,51
8052,27
8053,15
8054,8
8055,2
8056,-2
8057,-7
8058,-12
8059,-17
8060,-22
8061,-26
8062,-30
8063,-35
8064,-39
8065,-44
8066,-48
8067,-51
8068,-54
8069,-58
8070,-63
8071,-68
8072,-72
8073,-75
8074,-77
8075,-78
8076,-76
8077,-75
8078,-74
8079,-72
8080,-69
8081,-65
8082,-62
8083,-60
8084,-60
8085,-60
8086,-60
8087,-60
8088,-58
8089,-55
8090,-54
8091,-53
8092,-52
8093,-51
8094,-50
8095,-50
8096,-50
8097,-50
8098,-51
8099,-53
8100,-53
8101,-52
8102,-50
8103,-47
8104,-45
8105,-42
8106,-40
8107,-37
8108,-35
8109,-32
8110,-30
8111,-30
8112,-31
8113,-32
8114,-33
8115,-32
8116,-32
8117,-31
8118,-31
8119,-31
8120,-31
8121,-31
8122,-30
8123,-29
8124,-30
8125,-31
8126,-33
8127,-33
8128,-33
8129,-33
8130,-32
8131,-31
8132,-30
8133,-29
8134,-27
8135,-26
8136,-24
8137,-24
8138,-25
8139,-25
8140,-26
8141,-27
8142,-27
8143,-28
8144,-28
8145,-29
8146,-29
8147,-29
8148,-30
8149,-32
8150,-34
8151,-36
8152,-39
8153,-48
8154,-55
8155,-48
8156,-33
8157,-23
8158,-14
8159,-5
8160,1
8161,4
8162,4
8163,2
8164,2
8165,2
8166,2
8167,0
8168,-2
8169,-4
8170,-6
8171,-7
8172,-8
8173,-8
8174,-9
8175,-11
8176,-12
8177,-12
8178,-9
8179,-5
8180,-1
8181,1
8182,4
8183,6
8184,8
8185,9
8186,11
8187,12
8188,13
8189,14
8190,16
8191,19
8192,23
8193,28
8194,33
8195,38
8196,41
8197,44
8198,44
8199,43
8200,40
8201,36
8202,32
8203,27
8204,22
8205,17
8206,13
8207,10
8208,6
8209,2
8210,-6
8211,-15
8212,-21
8213,-21
8214,-16
8215,-9
8216,-1
8217,4
8218,14
8219,21
8220,20
8221,10
8222,-6
8223,-34
8224,-69
8225,-87
8226,-99
8227,-106
8228,-105
8229,-93
8230,-75
8231,-46
8232,-1
8233,74
8234,160
8235,262
8236,371
8237,479
8238,557
8239,583
8240,556
8241,472
8242,328
8243,179
8244,52
8245,-41
8246,-112
8247,-137
8248,-146
8249,-137
8250,-122
8251,-115
8252,-111
8253,-108
8254,-104
8255,-100
8256,-96
8257,-92
8258,-88
8259,-82
8260,-77
8261,-71
8262,-67
8263,-65
8264,-64
8265,-64
8266,-63
8267,-60
8268,-52
8269,-42
8270,-34
8271,-31
8272,-31
8273,-31
8274,-32
8275,-33
8276,-33
8277,-35
8278,-38
8279,-41
8280,-44
8281,-46
8282,-47
8283,-47
8284,-47
8285,-45
8286,-42
8287,-39
8288,-35
8289,-31
8290,-28
8291,-26
8292,-24
8293,-22
8294,-19
8295,-15
8296,-12
8297,-8
8298,-4
8299,1
8300,7
8301,15
8302,23
8303,32
8304,41
8305,50
8306,63
8307,77
8308,89
8309,98
8310,105
8311,112
8312,120
8313,130
8314,139
8315,146
8316,152
8317,155
8318,158
8319,160
8320,163
8321,165
8322,166
8323,167
8324,167
8325,166
8326,162
8327,155
8328,148
8329,139
8330,127
8331,107
8332,88
8333,70
8334,60
8335,52
8336,45
8337,39
8338,31
8339,23
8340,14
8341,6
8342,-2
8343,-14
8344,-33
8345,-63
8346,-76
8347,-81
8348,-82
8349,-84
8350,-85
8351,-87
8352,-90
8353,-92
8354,-94
8355,-95
8356,-95
8357,-96
8358,-96
8359,-94
8360,-93
8361,-90
8362,-87
8363,-84
8364,-82
8365,-80
8366,-79
8367,-79
8368,-78
8369,-79
8370,-79
8371,-79
8372,-79
8373,-76
8374,-72
8375,-68
8376,-66
8377,-67
8378,-69
8379,-71
8380,-73
8381,-78
8382,-85
8383,-63
8384,-47
8385,-38
8386,-30
8387,-23
8388,-20
8389,-22
8390,-28
8391,-36
8392,-43
8393,-48
8394,-53
8395,-59
8396,-64
8397,-70
8398,-74
8399,-76
8400,-73
8401,-68
8402,-61
8403,-55
8404,-49
8405,-44
8406,-38
8407,-31
8408,-25
8409,-20
8410,-18
8411,-18
8412,-20
8413,-23
8414,-25
8415,-26
8416,-27
8417,-27
8418,-29
8419,-31
8420,-34
8421,-35
8422,-36
8423,-37
8424,-38
8425,-39
8426,-39
8427,-37
8428,-34
8429,-30
8430,-24
8431,-20
8432,-17
8433,-15
8434,-13
8435,-12
8436,-10
8437,-9
8438,-8
8439,-7
8440,-7
8441,-7
8442,-6
8443,-3
8444,-1
8445,1
8446,3
8447,4
8448,5
8449,5
8450,5
8451,5
8452,5
8453,5
8454,6
8455,7
8456,10
8457,13
8458,16
8459,19
8460,23
8461,27
8462,31
8463,33
8464,35
8465,36
8466,36
8467,36
8468,36
8469,36
8470,36
8471,35
8472,34
8473,34
8474,34
8475,34
8476,31
8477,24
8478,48
8479,67
8480,78
8481,88
8482,95
8483,97
8484,92
8485,83
8486,71
8487,60
8488,47
8489,26
8490,14
8491,20
8492,33
8493,41
8494,50
8495,58
8496,63
8497,62
8498,54
8499,43
8500,33
8501,24
8502,12
8503,2
8504,-3
8505,0
8506,9
8507,20
8508,30
8509,40
8510,49
8511,52
8512,48
8513,40
8514,31
8515,23
8516,12
8517,6
8518,15
8519,40
8520,109
8521,200
8522,314
8523,445
8524,567
8525,655
8526,684
8527,654
8528,566
8529,386
8530,201
8531,48
8532,-12
8533,-35
8534,-37
8535,-31
8536,-23
8537,-17
8538,-27
8539,-38
8540,-44
8541,-47
8542,-39
8543,-25
8544,-13
8545,-3
8546,5
8547,12
8548,19
8549,27
8550,35
8551,46
8552,55
8553,60
8554,60
8555,54
8556,47
8557,40
8558,37
8559,33
8560,28
8561,22
8562,17
8563,14
8564,15
8565,18
8566,22
8567,25
8568,28
8569,31
8570,36
8571,40
8572,45
8573,48
8574,51
8575,53
8576,57
8577,62
8578,67
8579,70
8580,72
8581,74
8582,77
8583,80
8584,84
8585,88
8586,91
8587,94
8588,97
8589,102
8590,109
8591,115
8592,120
8593,125
8594,130
8595,135
8596,141
8597,146
8598,153
8599,160
8600,166
8601,172
8602,177
8603,180
8604,181
8605,180
8606,177
8607,173
8608,168
8609,162
8610,156
8611,151
8612,144
8613,137
8614,130
8615,123
8616,115
8617,108
8618,100
8619,92
8620,81
8621,64
8622,34
8623,5
8624,-18
8625,-40
8626,-57
8627,-70
8628,-79
8629,-87
8630,-93
8631,-99
8632,-105
8633,-111
8634,-117
8635,-122
8636,-125
8637,-129
8638,-133
8639,-137
8640,-141
8641,-144
8642,-147
8643,-149
8644,-151
8645,-151
8646,-151
8647,-149
8648,-145
8649,-142
8650,-138
8651,-134
8652,-130
8653,-127
8654,-122
8655,-118
8656,-111
8657,-97
8658,-89
8659,-97
8660,-113
8661,-131
8662,-152
8663,-160
8664,-166
8665,-173
8666,-177
8667,-170
8668,-154
8669,-134
8670,-113
8671,-110
8672,-107
8673,-104
8674,-102
8675,-105
8676,-113
8677,-120
8678,-128
8679,-134
8680,-135
8681,-128
8682,-121
8683,-117
8684,-114
8685,-110
8686,-107
8687,-104
8688,-101
8689,-100
8690,-99
8691,-101
8692,-103
8693,-106
8694,-110
8695,-118
8696,-123
8697,-117
8698,-106
8699,-100
8700,-93
8701,-86
8702,-80
8703,-75
8704,-73
8705,-73
8706,-76
8707,-79
8708,-84
8709,-92
8710,-106
8711,-107
8712,-98
8713,-95
8714,-94
8715,-93
8716,-92
8717,-92
8718,-91
8719,-90
8720,-88
8721,-86
8722,-85
8723,-86
8724,-86
8725,-87
8726,-88
8727,-89
8728,-89
8729,-89
8730,-88
8731,-87
8732,-86
8733,-85
8734,-83
8735,-81
8736,-80
8737,-78
8738,-76
8739,-75
8740,-74
8741,-73
8742,-71
8743,-68
8744,-65
8745,-63
8746,-61
8747,-61
8748,-64
8749,-67
8750,-70
8751,-73
8752,-75
8753,-79
8754,-84
8755,-88
8756,-91
8757,-90
8758,-87
8759,-80
8760,-73
8761,-66
8762,-59
8763,-49
8764,-38
8765,-29
8766,-25
8767,-25
8768,-25
8769,-25
8770,-25
8771,-25
8772,-27
8773,-30
8774,-33
8775,-34
8776,-33
8777,-32
8778,-30
8779,-30
8780,-30
8781,-29
8782,-28
8783,-27
8784,-27
8785,-26
8786,-26
8787,-27
8788,-28
8789,-29
8790,-30
8791,-32
8792,-34
8793,-36
8794,-37
8795,-38
8796,-37
8797,-36
8798,-35
8799,-34
8800,-33
8801,-32
8802,-30
8803,-27
8804,-23
8805,-19
8806,-14
8807,16
8808,90
8809,181
8810,276
8811,370
8812,463
8813,546
8814,597
8815,600
8816,555
8817,431
8818,260
8819,70
8820,-93
8821,-171
8822,-175
8823,-122
8824,-31
8825,6
8826,19
8827,-3
8828,-75
8829,-126
8830,-143
8831,-124
8832,-92
8833,-51
8834,-30
8835,-22
8836,-17
8837,-13
8838,-10
8839,-7
8840,-4
8841,-1
8842,2
8843,7
8844,10
8845,12
8846,13
8847,14
8848,15
8849,17
8850,17
8851,18
8852,19
8853,20
8854,22
8855,25
8856,29
8857,32
8858,35
8859,39
8860,42
8861,45
8862,47
8863,49
8864,51
8865,52
8866,54
8867,56
8868,60
8869,64
8870,68
8871,73
8872,79
8873,86
8874,93
8875,99
8876,105
8877,110
8878,117
8879,126
8880,150
8881,188
8882,200
8883,206
8884,211
8885,215
8886,220
8887,224
8888,228
8889,232
8890,234
8891,236
8892,237
8893,239
8894,240
8895,241
8896,242
8897,243
8898,246
8899,248
8900,252
8901,254
8902,257
8903,258
8904,258
8905,255
8906,251
8907,246
8908,238
8909,228
8910,213
8911,189
8912,166
8913,138
8914,103
8915,77
8916,62
8917,46
8918,30
8919,21
8920,14
8921,9
8922,4
8923,0
8924,-4
8925,-6
8926,-8
8927,-10
8928,-11
8929,-12
8930,-13
8931,-14
8932,-15
8933,-18
8934,-21
8935,-23
8936,-23
8937,-20
8938,-14
8939,-9
8940,-5
8941,-2
8942,0
8943,3
8944,6
8945,8
8946,9
8947,7
8948,2
8949,-3
8950,-8
8951,-14
8952,-20
8953,-29
8954,-37
8955,-42
8956,-41
8957,-35
8958,-26
8959,-19
8960,-13
8961,-8
8962,-3
8963,2
8964,7
8965,11
8966,13
8967,12
8968,9
8969,5
8970,0
8971,-6
8972,-13
8973,-19
8974,-25
8975,-30
8976,-36
8977,-40
8978,-42
8979,-42
8980,-38
8981,-31
8982,-22
8983,-12
8984,-4
8985,3
8986,15
8987,27
8988,35
8989,36
8990,30
8991,20
8992,8
8993,-9
8994,-31
8995,-31
8996,-30
8997,-30
8998,-32
8999,-33
